-0.9622641509433962
-0.9913419913419913
-0.9651162790697675
-1.0
-1.0
-0.9961904761904762
-0.9929078014184397
-0.9726156751652503
-0.9851851851851852
-0.9752229930624381
-0.9838709677419355
-0.9684947491248541
-0.9871961588476543
-0.9761418929524407
-0.9922903097168683
-0.9825540823447313
-0.9766866831508301
-0.9853872381880175
-0.9881262273370781
-0.9714768800999779
-0.9809523809523809
-0.992818671454219
-1.0
-0.9810094952523738
-1.0
-0.9785714285714285
-0.9832744842965991
-0.9856410256410256
-0.9696196068419709
-0.9880070546737213
-0.9758800521512386
-0.9712820512820513
-0.9730033745781778
-0.9680306905370843
-0.9701754385964912
-0.9698356563345122
-0.9784921892687344
-0.9673469387755103
-0.9835777126099706
-0.9842124147829207
-0.984115523465704
-0.9759059002086891
-0.9777027027027027
-0.978940650925335
-0.9958333333333333
-0.9737226277372263
-0.9780847467505974
-0.9815733522324592
-0.9863724853990915
-0.9896373056994818
-0.9607843137254902
-0.9764539675064752
-0.9748427672955975
-0.9874651810584958
-0.9926605504587156
-0.9676616915422885
-0.9892588614393125
-0.9804355976686322
-1.0
-0.9637681159420289
-0.9756177924217463
-0.9790370127743203
-0.9760479041916168
-0.9694971145919209
-0.9965095986038395
-0.9693486590038314
-0.97219149944699
-0.9877049180327869
-0.9925093632958801
-0.9766899766899767
-0.972011314574959
-0.997037037037037
-0.9907407407407407
-0.9732540861812778
-0.9830346017444647
-0.9822616407982262
-0.9722491126169732
-0.965721819380356
-0.9649717514124294
-0.9413680781758957
-0.9718331419823957
-0.9763624425476034
-0.9588688946015425
-0.9630118890356671
-0.9738805970149254
-0.9744885679903731
-0.9807259877931256
-1.0
