"driver_scores_random5": {
    "6": [
        32,
        641,
        1046,
        1262,
        1970
    ]
},
"driver_scores_random10": {
    "6": [
        94,
        472,
        933,
        1052,
        1149,
        1484,
        1489,
        1598,
        1883,
        1902
    ]
},
"driver_scores_random15": {
    "6": [
        6,
        433,
        778,
        793,
        900,
        1197,
        1204,
        1391,
        1486,
        1521,
        1703,
        1713,
        1857,
        1875,
        1884
    ]
},
"driver_scores_random20": {
    "6": [
        14,
        26,
        86,
        136,
        177,
        358,
        370,
        412,
        688,
        822,
        873,
        954,
        1120,
        1126,
        1453,
        1484,
        1549,
        1552,
        1684,
        1796
    ]
},
"driver_scores_random25": {
    "6": [
        82,
        288,
        495,
        556,
        706,
        815,
        880,
        905,
        920,
        1046,
        1080,
        1168,
        1226,
        1298,
        1397,
        1521,
        1548,
        1605,
        1681,
        1694,
        1731,
        1763,
        1824,
        1865,
        1996
    ]
},
"driver_scores_random30": {
    "6": [
        110,
        120,
        360,
        460,
        538,
        543,
        695,
        978,
        993,
        1000,
        1017,
        1088,
        1106,
        1124,
        1189,
        1214,
        1242,
        1244,
        1304,
        1337,
        1451,
        1536,
        1556,
        1572,
        1672,
        1721,
        1817,
        1822,
        1825,
        1984
    ]
},
"driver_scores_random35": {
    "6": [
        54,
        61,
        244,
        270,
        284,
        309,
        416,
        426,
        542,
        562,
        642,
        766,
        833,
        903,
        907,
        954,
        1020,
        1037,
        1038,
        1095,
        1126,
        1197,
        1200,
        1201,
        1322,
        1392,
        1625,
        1741,
        1769,
        1806,
        1854,
        1887,
        1891,
        1905,
        1996
    ]
},
"driver_scores_random40": {
    "6": [
        103,
        188,
        294,
        341,
        363,
        460,
        476,
        512,
        519,
        525,
        559,
        615,
        622,
        660,
        776,
        818,
        827,
        834,
        853,
        887,
        888,
        916,
        939,
        995,
        1101,
        1176,
        1207,
        1269,
        1306,
        1467,
        1504,
        1570,
        1574,
        1674,
        1723,
        1730,
        1784,
        1868,
        1912,
        1988
    ]
},
"driver_scores_random45": {
    "6": [
        77,
        80,
        87,
        90,
        96,
        115,
        125,
        262,
        270,
        344,
        356,
        392,
        483,
        596,
        685,
        714,
        738,
        826,
        877,
        896,
        905,
        1011,
        1025,
        1059,
        1181,
        1208,
        1223,
        1237,
        1313,
        1315,
        1345,
        1363,
        1434,
        1487,
        1531,
        1558,
        1566,
        1584,
        1626,
        1641,
        1659,
        1686,
        1749,
        1874,
        1969
    ]
},
"driver_scores_random50": {
    "6": [
        23,
        52,
        163,
        194,
        243,
        293,
        346,
        359,
        395,
        418,
        452,
        454,
        475,
        499,
        554,
        575,
        600,
        625,
        687,
        701,
        709,
        819,
        831,
        843,
        924,
        929,
        964,
        984,
        1002,
        1099,
        1134,
        1205,
        1382,
        1426,
        1463,
        1536,
        1538,
        1559,
        1587,
        1603,
        1714,
        1724,
        1790,
        1824,
        1859,
        1864,
        1892,
        1958,
        1962,
        1993
    ]
},
"driver_scores_random55": {
    "6": [
        11,
        35,
        81,
        107,
        114,
        161,
        179,
        319,
        325,
        360,
        373,
        406,
        423,
        480,
        481,
        563,
        574,
        577,
        633,
        718,
        781,
        874,
        901,
        909,
        968,
        994,
        1008,
        1037,
        1050,
        1148,
        1149,
        1207,
        1229,
        1260,
        1330,
        1339,
        1353,
        1365,
        1459,
        1460,
        1479,
        1503,
        1523,
        1553,
        1596,
        1630,
        1737,
        1739,
        1820,
        1826,
        1850,
        1854,
        1873,
        1953,
        1996
    ]
},
"driver_scores_random60": {
    "6": [
        5,
        8,
        61,
        62,
        94,
        95,
        99,
        116,
        138,
        147,
        152,
        211,
        212,
        231,
        261,
        285,
        292,
        389,
        424,
        471,
        473,
        476,
        563,
        597,
        641,
        768,
        781,
        803,
        861,
        942,
        991,
        997,
        1040,
        1084,
        1112,
        1206,
        1219,
        1264,
        1315,
        1327,
        1347,
        1515,
        1533,
        1542,
        1617,
        1628,
        1716,
        1719,
        1748,
        1821,
        1831,
        1885,
        1904,
        1931,
        1938,
        1939,
        1946,
        1951,
        1953,
        1957
    ]
},
"driver_scores_random65": {
    "6": [
        22,
        26,
        34,
        44,
        70,
        127,
        129,
        138,
        155,
        171,
        200,
        239,
        304,
        307,
        339,
        342,
        365,
        366,
        367,
        460,
        508,
        575,
        586,
        620,
        714,
        720,
        735,
        762,
        816,
        886,
        892,
        964,
        1038,
        1079,
        1100,
        1103,
        1121,
        1147,
        1148,
        1172,
        1205,
        1206,
        1220,
        1227,
        1267,
        1289,
        1294,
        1446,
        1495,
        1526,
        1623,
        1639,
        1644,
        1646,
        1649,
        1650,
        1726,
        1747,
        1820,
        1836,
        1842,
        1857,
        1880,
        1912,
        1927
    ]
},
"driver_scores_random70": {
    "6": [
        77,
        113,
        164,
        202,
        220,
        240,
        241,
        306,
        307,
        331,
        345,
        383,
        472,
        509,
        564,
        572,
        573,
        584,
        586,
        606,
        626,
        661,
        722,
        779,
        813,
        837,
        841,
        876,
        902,
        905,
        916,
        921,
        959,
        976,
        992,
        1001,
        1035,
        1071,
        1090,
        1105,
        1112,
        1131,
        1196,
        1249,
        1264,
        1267,
        1340,
        1353,
        1385,
        1410,
        1412,
        1419,
        1467,
        1487,
        1528,
        1582,
        1591,
        1592,
        1601,
        1602,
        1648,
        1758,
        1786,
        1788,
        1797,
        1807,
        1872,
        1979,
        1981,
        1987
    ]
},
"driver_scores_random75": {
    "6": [
        46,
        67,
        95,
        100,
        116,
        142,
        156,
        208,
        246,
        264,
        276,
        281,
        284,
        306,
        414,
        418,
        437,
        474,
        481,
        489,
        564,
        566,
        573,
        641,
        643,
        650,
        676,
        726,
        731,
        800,
        822,
        838,
        857,
        871,
        905,
        913,
        926,
        931,
        959,
        994,
        1004,
        1025,
        1052,
        1062,
        1063,
        1081,
        1096,
        1134,
        1175,
        1187,
        1218,
        1224,
        1225,
        1252,
        1295,
        1319,
        1434,
        1454,
        1544,
        1545,
        1560,
        1638,
        1641,
        1673,
        1693,
        1762,
        1792,
        1795,
        1805,
        1813,
        1815,
        1823,
        1857,
        1939,
        1997
    ]
},
"driver_scores_random80": {
    "6": [
        4,
        29,
        58,
        131,
        141,
        155,
        167,
        239,
        255,
        263,
        313,
        323,
        385,
        405,
        414,
        427,
        468,
        478,
        526,
        527,
        537,
        556,
        635,
        652,
        670,
        674,
        681,
        685,
        708,
        724,
        750,
        754,
        756,
        760,
        775,
        783,
        800,
        817,
        848,
        859,
        870,
        920,
        937,
        953,
        986,
        999,
        1013,
        1015,
        1069,
        1137,
        1180,
        1188,
        1215,
        1229,
        1234,
        1301,
        1315,
        1326,
        1349,
        1362,
        1367,
        1378,
        1423,
        1458,
        1483,
        1511,
        1513,
        1568,
        1581,
        1587,
        1629,
        1640,
        1719,
        1836,
        1852,
        1871,
        1908,
        1909,
        1972,
        1982
    ]
},
"driver_scores_random85": {
    "6": [
        15,
        52,
        60,
        80,
        110,
        128,
        177,
        200,
        204,
        219,
        234,
        263,
        338,
        395,
        401,
        445,
        450,
        482,
        525,
        533,
        552,
        629,
        653,
        677,
        681,
        714,
        717,
        718,
        721,
        734,
        759,
        768,
        807,
        819,
        837,
        838,
        860,
        867,
        872,
        882,
        886,
        893,
        904,
        935,
        951,
        960,
        982,
        989,
        1033,
        1047,
        1058,
        1145,
        1191,
        1197,
        1216,
        1288,
        1304,
        1306,
        1319,
        1331,
        1354,
        1366,
        1368,
        1424,
        1430,
        1445,
        1466,
        1480,
        1488,
        1579,
        1656,
        1678,
        1690,
        1704,
        1722,
        1839,
        1854,
        1857,
        1876,
        1886,
        1902,
        1917,
        1919,
        1927,
        1988
    ]
},
"driver_scores_random90": {
    "6": [
        26,
        52,
        88,
        89,
        125,
        165,
        184,
        231,
        235,
        243,
        258,
        261,
        290,
        310,
        342,
        348,
        356,
        361,
        390,
        442,
        482,
        504,
        540,
        583,
        586,
        624,
        652,
        704,
        713,
        730,
        740,
        775,
        811,
        812,
        838,
        875,
        877,
        902,
        908,
        914,
        928,
        933,
        961,
        987,
        995,
        1030,
        1040,
        1062,
        1093,
        1134,
        1158,
        1177,
        1178,
        1205,
        1226,
        1259,
        1271,
        1272,
        1296,
        1319,
        1378,
        1401,
        1410,
        1413,
        1443,
        1448,
        1486,
        1523,
        1533,
        1566,
        1569,
        1581,
        1597,
        1601,
        1626,
        1657,
        1659,
        1664,
        1730,
        1754,
        1763,
        1783,
        1797,
        1801,
        1861,
        1907,
        1918,
        1923,
        1929,
        1975
    ]
},
"driver_scores_random95": {
    "6": [
        29,
        53,
        60,
        161,
        195,
        216,
        233,
        244,
        259,
        276,
        297,
        306,
        336,
        341,
        344,
        367,
        390,
        458,
        464,
        479,
        492,
        524,
        586,
        594,
        597,
        619,
        628,
        639,
        664,
        699,
        703,
        738,
        759,
        768,
        769,
        775,
        808,
        829,
        842,
        870,
        973,
        999,
        1001,
        1017,
        1021,
        1048,
        1074,
        1101,
        1125,
        1196,
        1210,
        1220,
        1246,
        1267,
        1285,
        1400,
        1412,
        1450,
        1459,
        1531,
        1539,
        1542,
        1548,
        1555,
        1561,
        1563,
        1567,
        1581,
        1582,
        1592,
        1598,
        1604,
        1635,
        1638,
        1641,
        1654,
        1655,
        1656,
        1736,
        1740,
        1741,
        1747,
        1749,
        1752,
        1775,
        1782,
        1817,
        1819,
        1834,
        1888,
        1915,
        1922,
        1934,
        1979,
        1984
    ]
},
