1618388960.747,936,2,0100274100000000
1618388960.751,359,1,727f7d00001a0f00
1618388960.752,359,2,727f7d00001a0f00
1618388960.753,532,1,8000000000007340
1618388960.755,535,2,163816301650164c
1618388960.757,71,1,2000000000000000
1618388960.760,71,2,2000000000000000
1618388960.761,74,1,0200000000000040
1618388960.762,74,2,0200000000000040
1618388960.763,130,1,6600142863800000
1618388960.764,133,2,7c23000057000102
1618388960.766,118,1,3e3d400071010000
1618388960.768,119,2,1d41082c7f092e28
1618388960.773,71,1,2000000000000000
1618388960.773,133,2,7c23000058100102
1618388960.774,65,1,0000000000000000
1618388960.775,120,2,0168801000000000
1618388960.777,133,1,7c23000058100102
1618388960.777,130,2,6500142c63800000
1618388960.778,578,1,026c205423000001
1618388960.779,578,2,026c205423000001
1618388960.780,1200,1,6500800020000810
1618388960.780,133,2,7c2300005a300102
1618388960.796,71,1,2000000000000000
1618388960.797,71,2,2000000000000000
1618388960.798,1057,1,0000300000005e1d
1618388960.818,146,2,6f65704073520861
1618388960.819,359,1,727f7800001a1b00
1618388960.820,1459,2,4d00010101010101
1618388960.821,535,2,16181614163c162c
1618388960.821,531,1,0101000000122341
1618388960.822,131,1,0020800000000000
1618388960.824,131,2,0020800000000000
1618388960.825,535,1,1614161016381624
1618388960.825,1430,2,6a00010101010101
1618388960.826,130,1,6600142862800000
1618388960.827,133,2,7c2300005d600102
1618388960.827,118,1,3e3c400071010000
1618388960.828,118,2,3e3c400071010000
1618388960.844,145,1,7f617f4e00000000
1618388960.845,133,2,7c2300005e700102
1618388960.845,65,1,0000000000000000
1618388960.846,120,2,0168801000000000
1618388960.847,133,1,7c2300005e700102
1618388960.848,130,2,6600142863800000
1618388960.848,609,1,00006f006e000000
1618388960.850,133,2,7c22000061700102
1618388960.851,357,1,1040000000000000
1618388960.849,71,1,2000000000000000
1618388960.848,609,2,00006f006e000000
1618388960.853,74,1,0200000000000040
1618388960.852,71,2,2000000000000000
1618388960.854,145,2,7f6e7f5222431000
1618388960.855,359,1,727f6400001a2500
1618388960.856,359,2,727f6400001a2500
1618388960.857,534,1,275c317356000000
1618388960.858,1045,2,1e0e2437083d083d
1618388960.859,71,1,2000000000000000
1618388960.860,71,2,2000000000000000
1618388960.861,1076,1,2718171a0f010030
1618388960.862,130,1,6400142862800000
1618388960.861,145,2,7f447f5040391000
1618388960.862,359,2,727f5f00001a2600
1618388960.863,118,1,3e3c400071010000
1618388960.863,119,2,1d0b082d7f091a29
1618388960.864,71,1,2000000000000000
1618388960.865,133,2,7c22000065300102
1618388960.891,66,1,0000000000000000
1618388960.894,120,2,0068001000000000
1618388960.895,938,1,0022200000000000
1618388960.896,938,2,0022200000000000
1618388960.897,578,1,026c204723000001
1618388960.899,578,2,026c204723000001
1618388960.900,1109,1,0000000000000000
1618388960.900,1109,2,0000000000000000
1618388960.901,71,1,2000000000000000
1618388960.902,71,2,2000000000000000
1618388960.902,936,1,0100274300000000
1618388960.903,936,2,0100274300000000
1618388960.906,359,2,727f5700001a2700
1618388960.904,359,1,727f5700001a2700
1618388960.907,534,1,6f16164756000000
1618388960.908,1045,2,1e381864083d083d
1618388960.909,71,2,2000000000000000
1618388960.908,71,1,2000000000000000
1618388960.910,2015,1,0201330000000000
1618388960.911,145,2,7e027f40591b1000
1618388960.911,130,1,6500142c62800000
1618388960.912,359,2,727f5800001a2800
1618388960.918,118,1,3e3d400071010000
1618388960.921,118,2,3e3d400071010000
1618388960.921,71,1,2000000000000000
1618388960.923,133,2,7c2200005b300102
1618388960.942,66,1,0000000000000000
1618388960.943,133,1,7c2200005b300102
1618388960.943,120,2,0068001000000000
1618388960.945,516,1,3f6f7d0772000000
1618388960.944,130,2,6500142862800000
1618388960.946,516,2,3f6f7d0772000000
1618388960.947,133,2,7c2200005d500102
1618388960.946,71,1,2000000000000000
1618388960.949,357,1,1040000000000000
1618388960.950,71,2,2000000000000000
1618388960.950,936,1,0100274100000000
1618388960.952,936,2,0100274100000000
1618388960.954,359,1,727f5500001a2a00
1618388960.955,534,1,4a335d0056000000
1618388960.955,359,2,727f5500001a2a00
1618388960.956,145,2,7e2b7f547d021000
1618388960.993,71,1,2000000000000000
1618388960.995,71,2,2000000000000000
1618388960.996,516,1,3f6f7c0770000000
1618388960.996,514,2,045a580060001e2d
1618388960.998,130,1,6400142863800000
1618388960.999,359,2,727f5300001a2900
1618388961.000,146,1,6f4f701f73736403
1618388961.003,118,2,3e3c400071010000
1618388961.005,131,1,0020800000000000
1618388961.006,133,2,7c22000061700102
1618388961.011,512,2,00007f4c7f560000
1618388961.011,66,1,0000000000000000
1618388961.013,133,1,7c22000061700102
1618388961.014,130,2,6400142862800000
1618388961.015,516,1,3f6f7d076b000000
1618388961.016,578,2,026c204622000001
1618388961.017,1126,1,7028440010704800
1618388961.018,1126,2,7028440010704800
1618388961.020,71,1,2000000000000000
1618388961.022,71,2,2000000000000000
1618388961.024,936,1,0100274300000000
1618388961.025,936,2,0100274300000000
1618388961.027,359,1,727f5400001a2a00
1618388961.042,359,2,727f5400001a2a00
1618388961.043,532,1,8000000000007450
1618388961.044,535,2,1734173c1718171c
1618388961.045,71,1,2000000000000000
1618388961.046,71,2,2000000000000000
1618388961.046,560,1,410600007e000000
1618388961.047,560,2,410600007e000000
1618388961.048,130,1,6400142862800000
1618388961.049,359,2,727f5300001a2a00
1618388961.050,118,1,3e3c400071010000
1618388961.050,118,2,3e3c400071010000
1618388961.052,71,1,2000000000000000
1618388961.053,133,2,7c21000068100102
1618388961.053,66,1,0000000000000000
1618388961.054,120,2,0168801000000000
1618388961.055,133,1,7c21000068100102
1618388961.055,130,2,6300142863800000
1618388961.057,118,1,3e3a400071010000
1618388961.092,118,2,3e3a400071010000
1618388961.094,1200,1,650080003000080f
1618388961.095,133,2,7c2100005a100102
1618388961.096,71,1,2000000000000000
1618388961.097,71,2,2000000000000000
1618388961.098,1069,1,00024c0000004000
1618388961.098,1072,2,3700764b407c575c
1618388961.099,359,1,727f5200001a2a00
1618388961.099,359,2,727f5200001a2a00
1618388961.100,532,1,8000000000007120
1618388961.100,535,2,1740174417281734
1618388961.101,131,1,0020800000000000
1618388961.103,131,2,0020800000000000
1618388961.104,145,2,7e3c7f5a533f1000
1618388961.105,130,1,6300142862800000
1618388961.105,359,2,727f5300001a2b00
1618388961.103,535,1,17441744172c173c
1618388961.108,118,1,3e3a400071010000
1618388961.118,119,2,1e5708297f080220
1618388961.120,145,1,7e2b7f5200000000
1618388961.120,133,2,7c2100005e500102
1618388961.122,133,1,7c2100005e500102
1618388961.121,120,2,0068001000000000
1618388961.120,66,1,0000000000000000
1618388961.124,130,2,6300142c62800000
1618388961.125,516,1,3f6f7d075e000000
1618388961.125,516,2,3f6f7d075e000000
1618388961.126,71,1,2000000000000000
1618388961.127,133,2,7c20000061700102
1618388961.130,357,1,1040000000000000
1618388961.130,71,2,2000000000000000
1618388961.131,75,1,0040282828284000
1618388961.131,146,2,6f6c702c73793853
1618388961.142,359,1,727f5200001a2b00
1618388961.143,359,2,727f5200001a2b00
1618388961.144,534,1,7309342b56000000
1618388961.145,145,2,7e2b7f4e1d581000
1618388961.147,71,1,2000000000000000
1618388961.148,71,2,2000000000000000
1618388961.149,1076,1,2718171a0f010030
1618388961.151,145,2,7e437f5a3c5d1000
1618388961.151,359,1,727f5200001a2b00
1618388961.152,359,2,727f5200001a2b00
1618388961.153,118,1,3e3a400071010000
1618388961.168,125,2,000003200020370b
1618388961.168,71,1,2000000000000000
1618388961.169,133,2,7c20000065500102
1618388961.171,66,1,0000000000000000
1618388961.175,130,1,6300142863800000
1618388961.174,359,2,727f5100001a2c00
1618388961.175,130,2,6300142863800000
1618388961.176,1068,1,7400000059400000
1618388961.177,1068,2,7400000059400000
1618388961.179,1109,1,0000000000000000
1618388961.180,1109,2,0000000000000000
1618388961.182,131,1,0020800000000000
1618388961.183,827,2,0000000000000000
1618388961.218,936,1,0100274400000000
1618388961.219,936,2,0100274400000000
1618388961.219,359,1,727f5000001a2c00
1618388961.220,359,2,727f5000001a2c00
1618388961.221,534,1,2b517b1e56000000
1618388961.221,145,2,7e7e7f4c54761000
1618388961.222,71,1,2000000000000000
1618388961.227,71,2,2000000000000000
1618388961.229,535,1,1764177017441760
1618388961.229,145,2,7e7f7f40407b1000
1618388961.230,359,1,727f4f00001a2d00
1618388961.232,359,2,727f4f00001a2d00
1618388961.233,119,2,1e7c08307f080625
1618388961.233,118,1,3e38400071010000
1618388961.234,71,1,2000000000000000
1618388961.236,369,1,4460000000000000
1618388961.235,972,2,4000000000000000
1618388961.237,120,2,0068001000000000
1618388961.238,133,1,7c1f00005c100102
1618388961.239,130,2,6500142863800000
1618388961.239,578,1,026c205323000001
1618388961.240,578,2,026c205323000001
1618388961.241,71,1,2000000000000000
1618388961.243,133,2,7c1f00005e300102
1618388961.243,357,1,1040000000000000
1618388961.244,71,2,2000000000000000
1618388961.266,936,1,0100274700000000
1618388961.267,936,2,0100274700000000
1618388961.294,359,1,727f4e00001a2d00
1618388961.295,359,2,727f4e00001a2d00
1618388961.296,535,1,17701778175c1764
1618388961.298,145,2,7e4e7f4a006c1000
1618388961.298,71,1,2000000000000000
1618388961.299,71,2,2000000000000000
1618388961.301,516,1,3f667c0756000000
1618388961.301,514,2,043d480060001e68
1618388961.302,359,1,727f4e00001a2d00
1618388961.303,359,2,727f4e00001a2d00
1618388961.304,145,1,7e4a7f4c00000000
1618388961.305,1002,1,0000000000006000
1618388961.304,119,2,1e6708317f090e20
1618388961.306,133,2,7c1f000062700102
1618388961.307,512,1,00007f4b7f490000
1618388961.310,133,1,7c1f000062700102
1618388961.308,512,2,00007f4b7f490000
1618388961.311,130,2,6400142862800000
1618388961.311,118,1,3e38400071010000
1618388961.312,118,2,3e38400071010000
1618388961.313,145,1,7e4a7f3c00000000
1618388961.314,133,2,7c1f000064700102
1618388961.315,71,1,2000000000000000
1618388961.316,71,2,2000000000000000
1618388961.317,936,1,0100274600000000
1618388961.319,936,2,0100274600000000
1618388961.344,359,1,727f4900001a3200
1618388961.346,359,2,727f4900001a3200
1618388961.347,534,1,661f0b5256000000
1618388961.349,71,1,2000000000000000
1618388961.348,145,2,7e477f3e314e1000
1618388961.350,71,2,2000000000000000
1618388961.351,74,1,0200000000000040
1618388961.352,76,2,105f014000000000
1618388961.352,359,1,727f4500001a3300
1618388961.353,359,2,727f4500001a3300
1618388961.353,531,1,0101000000121941
1618388961.356,535,2,177c177c17681770
1618388961.357,71,1,2000000000000000
1618388961.357,71,2,2000000000000000
1618388961.358,611,1,0000000004000000
1618388961.371,535,2,177c177c17701778
1618388961.374,145,1,7e407f3e00000000
1618388961.374,359,2,727f4200001a3300
1618388961.377,118,1,3e38400071010000
1618388961.378,118,2,3e38400071010000
1618388961.379,133,2,7c1e00006b100102
1618388961.379,71,1,2000000000000000
1618388961.380,357,1,1040000000000000
1618388961.381,120,2,0268001000000000
1618388961.382,936,1,0100274600000000
1618388961.384,936,2,0100274600000000
1618388961.387,359,1,727f3e00001a3200
1618388961.388,359,2,727f3e00001a3200
1618388961.393,1045,1,1e32380e08420842
1618388961.393,1109,2,0000000000000000
1618388961.395,131,1,0020800000000000
1618388961.397,936,1,0100274700000000
1618388961.396,71,2,2000000000000000
1618388961.398,936,2,0100274700000000
1618388961.400,359,1,727f3c00001a3f00
1618388961.401,359,2,727f3c00001a3f00
1618388961.401,531,1,0101000000121841
1618388961.404,535,2,17681764177c177c
1618388961.405,71,1,2000000000000000
1618388961.405,71,2,2000000000000000
1618388961.406,1071,1,0000002500000000
1618388961.410,535,2,1764176017781778
1618388961.411,133,1,7c1d000060300102
1618388961.411,359,2,72800700001a5a00
1618388961.412,118,1,3e37400071010000
1618388961.444,71,1,2000000000000000
1618388961.442,118,2,3e37400071010000
1618388961.445,133,2,7c1d000062500102
1618388961.448,512,1,00007f637f420000
1618388961.449,512,2,00007f637f420000
1618388961.450,130,1,6300142863800000
1618388961.451,130,2,6300142863800000
1618388961.453,369,1,4460000000000000
1618388961.454,516,2,3f647d0747000000
1618388961.455,1200,1,6500800000000802
1618388961.456,133,2,7c1d000064700102
1618388961.457,71,1,2000000000000000
1618388961.458,71,2,2000000000000000
1618388961.459,1081,1,0000480000000000
1618388961.461,936,2,0100274700000000
1618388961.463,359,1,72800f00001a5800
1618388961.464,359,2,72800f00001a5800
1618388961.464,532,1,8000000000007e10
1618388961.467,535,2,1768175c17741770
1618388961.468,71,1,2000000000000000
1618388961.470,71,2,2000000000000000
1618388961.499,512,1,00007f617f420000
1618388961.504,1058,2,0000006c3b000202
1618388961.507,130,1,6300142863800000
1618388961.509,359,2,72800f00001a5600
1618388961.511,145,1,7f1d7f3c00000000
1618388961.515,118,2,3e36400071010000
1618388961.516,1109,1,0000000000000000
1618388961.516,1109,2,0000000000000000
1618388961.523,65,1,0000000000000000
1618388961.526,512,2,00007f607f400000
1618388961.531,130,1,6500142463800000
1618388961.532,130,2,6500142463800000
1618388961.536,369,1,4460000000000000
1618388961.539,516,2,3f647d0617000000
1618388961.541,133,1,7c1e000068400102
1618388961.552,133,2,7c1e000069300102
1618388961.556,71,1,2000000000000000
1618388961.563,71,2,2000000000000000
1618388961.564,936,1,0100274900000000
1618388961.565,936,2,0100274900000000
1618388961.568,359,1,72801100001a5500
1618388961.579,359,2,72801100001a5500
1618388961.580,532,1,8000000000007b40
1618388961.582,535,2,174c174017681754
1618388961.584,71,1,2000000000000000
1618388961.585,71,2,2000000000000000
1618388961.586,560,1,410600007e000000
1618388961.597,560,2,410600007e000000
1618388961.600,133,1,7c1e00006b100102
1618388961.602,359,2,72801c00001a5500
1618388961.604,118,1,3e38400071010000
1618388961.607,118,2,3e38400071010000
1618388961.608,71,1,2000000000000000
1618388961.614,133,2,7c2000005b100102
1618388961.616,66,1,0000000000000000
1618388961.619,514,2,041d280060001e0a
1618388961.623,2015,1,0201470000000000
1618388961.624,130,2,6800142463800000
1618388961.625,369,1,4460000000000000
1618388961.627,516,2,3f647d0670000000
1618388961.629,1200,1,6500800060000808
1618388961.633,133,2,7c2100005c300102
1618388961.636,71,1,2000000000000000
1618388961.636,71,2,2000000000000000
1618388961.638,1069,1,00024d0000004000
1618388961.639,609,2,0000450044000000
1618388961.640,359,1,72802300001a5700
1618388961.642,359,2,72802300001a5700
1618388961.643,532,1,8000000000007870
1618388961.644,145,2,7f247f401d341000
1618388961.645,131,1,0020800000000000
1618388961.646,131,2,0020800000000000
1618388961.648,1071,1,0000002500000000
1618388961.650,535,2,173c173417581748
1618388961.651,130,1,6900142462800000
1618388961.654,359,2,72802800001a5600
1618388961.655,118,1,3e3c400071010000
1618388961.657,118,2,3e3c400071010000
1618388961.658,145,1,7f1a7f4000000000
1618388961.660,133,2,7c2300005e700102
1618388961.661,66,1,0000000000000000
1618388961.662,514,2,0439580060001f0b
1618388961.663,130,1,6a00142463800000
1618388961.664,130,2,6a00142463800000
1618388961.665,516,1,3f647d063f000000
1618388961.666,516,2,3f647d063f000000
1618388961.667,133,1,7c2500005d800102
1618388961.668,133,2,7c2500005e700102
1618388961.670,71,1,2000000000000000
1618388961.671,71,2,2000000000000000
1618388961.672,76,1,105f014000000000
1618388961.673,146,2,6f58701273724b4d
1618388961.674,359,1,72803100001a4e00
1618388961.675,359,2,72803100001a4e00
1618388961.676,534,1,1467703156000000
1618388961.677,146,2,6f5d701c73743f52
1618388961.679,992,1,0000000080000000
1618388961.679,992,2,0000000080000000
1618388961.680,560,1,410600007e000000
1618388961.681,516,2,3f647d061d000000
1618388961.682,145,1,7f0f7f3200000000
1618388961.683,359,2,72800300001a1d00
1618388961.685,119,2,1f1208387f090220
1618388961.684,118,1,3e41400071010000
1618388961.687,71,1,2000000000000000
1618388961.688,71,2,2000000000000000
1618388961.689,66,1,0000000000000000
1618388961.691,359,2,72800300001a1d00
1618388961.691,938,1,0022200000000000
1618388961.693,516,1,3f6b7d0615000000
1618388961.692,938,2,0022200000000000
1618388961.694,516,2,3f6b7d0615000000
1618388961.695,1109,1,0000000000000000
1618388961.696,1109,2,0000000000000000
1618388961.699,71,2,2000000000000000
1618388961.700,936,1,0100273e00000000
1618388961.699,71,1,2000000000000000
1618388961.702,936,2,0100273e00000000
1618388961.703,359,1,727f1c00001a1300
1618388961.705,534,1,3550277b56000000
1618388961.704,359,2,727f1c00001a1300
1618388961.706,146,2,6f506f04735f4a70
1618388961.707,71,1,2000000000000000
1618388961.709,71,2,2000000000000000
1618388961.710,535,1,171c171817381728
1618388961.711,1152,2,0000000000000000
1618388961.717,146,1,6f52700173703075
1618388961.718,359,2,727f2300001a1000
1618388961.720,118,1,3e44400071010000
1618388961.720,118,2,3e44400071010000
1618388961.722,71,1,2000000000000000
1618388961.722,71,2,2000000000000000
1618388961.723,512,1,00007f557f320000
1618388961.724,512,2,00007f557f320000
1618388961.744,130,1,6d00142863800000
1618388961.746,130,2,6d00142863800000
1618388961.748,516,1,3f757d061b000000
1618388961.749,516,2,3f757d061b000000
1618388961.751,133,1,7c2c000052400102
1618388961.752,133,2,7c2c000053500102
1618388961.753,71,1,2000000000000000
1618388961.753,71,2,2000000000000000
1618388961.754,936,1,0100273b00000000
1618388961.755,936,2,0100273b00000000
1618388961.755,359,1,727f2600001a0d00
1618388961.756,359,2,727f2600001a0d00
1618388961.757,534,1,7f06233c56000000
1618388961.769,146,2,6f66700673712572
1618388961.771,71,1,2000000000000000
1618388961.772,71,2,2000000000000000
1618388961.774,516,1,3f7f7d061e000000
1618388961.776,1058,2,0000006c3b000202
1618388961.777,806,1,7f60013b01420000
1618388961.779,1459,2,4d00010101010101
1618388961.780,145,1,7f247f5600000000
1618388961.782,118,2,3e46400071010000
1618388961.784,131,2,0020800000000000
1618388961.783,131,1,0020800000000000
1618388961.785,66,1,0000000000000000
1618388961.793,516,2,3f7c7d061f000000
1618388961.794,130,1,6800142862800000
1618388961.794,130,2,6800142862800000
1618388961.796,516,1,3f787d0623000000
1618388961.797,516,2,3f787d0623000000
1618388961.799,133,1,7c2900005b600102
1618388961.801,133,2,7c2900005c500102
1618388961.802,71,1,2000000000000000
1618388961.803,71,2,2000000000000000
1618388961.821,936,1,0100273800000000
1618388961.823,936,2,0100273800000000
1618388961.823,359,1,727f3000001a0900
1618388961.824,359,2,727f3000001a0900
1618388961.825,532,1,8000000000007c30
1618388961.826,146,2,6f52701e736e2254
1618388961.827,71,1,2000000000000000
1618388961.829,71,2,2000000000000000
1618388961.830,1071,1,0000002500000000
1618388961.832,1068,2,7400000059400000
1618388961.843,359,1,727f3200001a0700
1618388961.845,359,2,727f3200001a0700
1618388961.846,118,1,3e43400071010000
1618388961.847,119,2,1f4d08307f080a20
1618388961.848,71,1,2000000000000000
1618388961.849,71,2,2000000000000000
1618388961.850,514,1,047c180060001f5e
1618388961.852,514,2,047c180060001f5e
1618388961.853,130,1,6800142862800000
1618388961.855,130,2,6800142862800000
1618388961.870,1071,1,0000002500000000
1618388961.873,118,2,3e43400071010000
1618388961.875,1200,1,6500800050000807
1618388961.877,133,2,7c28000053100102
1618388961.880,71,1,2000000000000000
1618388961.883,71,2,2000000000000000
1618388961.885,1085,1,0039254200000000
1618388961.887,1072,2,3700764b407c575c
1618388961.889,359,1,727f3400001a0600
1618388961.891,359,2,727f3400001a0600
1618388961.893,532,1,8000000000007960
1618388961.896,146,2,6f77702573763e36
1618388961.899,131,1,0020800000000000
1618388961.903,131,2,0020800000000000
1618388961.906,535,1,18101818170c1800
1618388961.919,145,2,7f637f622b311000
1618388961.924,359,1,727f3800001a0400
1618388961.926,359,2,727f3800001a0400
1618388961.930,118,1,3e42400071010000
1618388961.932,119,2,1f61082b7f091a22
1618388961.939,145,1,7f637f6400000000
1618388961.940,71,2,2000000000000000
1618388961.942,66,1,0000000000000000
1618388961.944,516,2,3f677d061d000000
1618388961.945,130,1,6800142862800000
1618388961.948,130,2,6800142862800000
1618388961.949,1071,1,0000002500000000
1618388961.950,578,2,026c204022000001
1618388961.953,133,1,7c28000058600102
1618388961.955,133,2,7c28000059700102
1618388961.956,71,1,2000000000000000
1618388961.959,357,2,1040000000000000
1618388961.961,936,1,0100273d00000000
1618388961.963,936,2,0100273d00000000
1618388961.969,359,1,727f3800001a0300
1618388961.971,359,2,727f3800001a0300
1618388961.972,535,1,182c183018041814
1618388961.977,1045,2,1f5b082a083a083a
1618388961.978,71,1,2000000000000000
1618388961.980,71,2,2000000000000000
1618388961.981,1072,1,0300764b7c01126f
1618388961.988,145,2,7f4b7f480b131000
1618388961.989,359,1,727f3a00001a0400
1618388961.991,359,2,727f3a00001a0400
1618388961.992,118,1,3e42400071010000
1618388961.994,125,2,00000b6000200816
1618388961.997,71,1,2000000000000000
1618388961.998,71,2,2000000000000000
1618388962.000,376,1,000001020e6d426c
1618388962.002,376,2,000001020e6d426c
1618388962.003,130,1,6a00142863800000
1618388962.004,130,2,6a00142863800000
1618388962.005,2015,1,02011f0000000000
1618388962.017,1068,2,7400000059400000
1618388962.019,1109,1,0000000000000000
1618388962.019,1109,2,0000000000000000
1618388962.021,71,1,2000000000000000
1618388962.022,357,2,1040000000000000
1618388962.028,936,1,0100273d00000000
1618388962.030,936,2,0100273d00000000
1618388962.030,359,1,727f3400001a0a00
1618388962.031,359,2,727f3400001a0a00
1618388962.033,535,1,1838183818181824
1618388962.033,1045,2,1f533c2f083a083a
1618388962.035,71,1,2000000000000000
1618388962.040,1125,1,7d4a3c5230585f3c
1618388962.036,71,2,2000000000000000
1618388962.041,145,2,7f327f5a180b1000
1618388962.042,359,1,727f3000001a0b00
1618388962.044,359,2,727f3000001a0b00
1618388962.046,118,1,3e44400071010000
1618388962.048,125,2,00000e300020580c
1618388962.050,71,1,2000000000000000
1618388962.051,71,2,2000000000000000
1618388962.052,516,1,3f557d061c000000
1618388962.054,130,1,6700142863800000
1618388962.053,120,2,0068001000000000
1618388962.060,133,2,7c29000053200102
1618388962.064,578,1,026c204623000001
1618388962.067,578,2,026c204623000001
1618388962.069,133,2,7c28000055300102
1618388962.068,133,1,7c29000053200102
1618388962.073,357,1,1040000000000000
1618388962.075,357,2,1040000000000000
1618388962.076,936,1,0100273b00000000
1618388962.077,936,2,0100273b00000000
1618388962.079,359,1,727f2d00001a0d00
1618388962.080,359,2,727f2d00001a0d00
1618388962.081,535,1,1844184c1820182c
1618388962.099,1046,2,5702092c01000000
1618388962.101,342,1,6c00000003000000
1618388962.102,357,2,1040000000000000
1618388962.104,1085,1,0039254300000000
1618388962.105,936,2,0100273b00000000
1618388962.107,359,1,727f2c00001a0d00
1618388962.108,359,2,727f2c00001a0d00
1618388962.111,534,1,0c7a524e56000000
1618388962.113,535,2,18401850182c1834
1618388962.116,2015,1,02012f0000000000
1618388962.117,131,2,0020800000000000
1618388962.119,936,1,0100273b00000000
1618388962.121,145,2,7f0c7f500c331000
1618388962.122,359,1,727f2d00001a0d00
1618388962.123,359,2,727f2d00001a0d00
1618388962.125,125,2,000002100020580a
1618388962.125,118,1,3e42400071010000
1618388962.127,133,1,7c2700005b800102
1618388962.129,71,2,2000000000000000
1618388962.131,120,2,0168801000000000
1618388962.130,516,1,3f4e7d061d000000
1618388962.132,130,1,6400142c63800000
1618388962.134,133,2,7c2600005e600102
1618388962.135,578,1,026c204d22000001
1618388962.143,578,2,026c204d22000001
1618388962.144,71,1,2000000000000000
1618388962.145,133,2,7c2600005f500102
1618388962.148,359,1,727f2d00001a0c00
1618388962.148,359,2,727f2d00001a0c00
1618388962.150,936,1,0100273d00000000
1618388962.150,936,2,0100273d00000000
1618388962.153,359,1,727f2d00001a0d00
1618388962.153,359,2,727f2d00001a0d00
1618388962.154,535,1,1854185c1834184c
1618388962.156,1200,2,6500800030000004
1618388962.157,71,1,2000000000000000
1618388962.158,71,2,2000000000000000
1618388962.160,146,2,6f55701a73743a51
1618388962.159,936,1,0100273e00000000
1618388962.162,359,1,727f2c00001a0d00
1618388962.163,359,2,727f2c00001a0d00
1618388962.163,119,1,1f40082d7f080621
1618388962.165,532,2,8000000000007b40
1618388962.165,71,1,2000000000000000
1618388962.166,71,2,2000000000000000
1618388962.168,66,1,0000000000000000
1618388962.170,120,2,0568801000000000
1618388962.192,130,1,6300142863800000
1618388962.194,359,2,727f2c00001a0d00
1618388962.195,145,1,7f247f4a00000000
1618388962.197,118,2,3e40400071010000
1618388962.199,1109,1,0000000000000000
1618388962.200,133,2,7c24000057100102
1618388962.202,357,1,1040000000000000
1618388962.203,357,2,1040000000000000
1618388962.204,936,1,0100273e00000000
1618388962.206,936,2,0100273e00000000
1618388962.207,359,1,727f2c00001a0d00
1618388962.209,359,2,727f2c00001a0d00
1618388962.210,535,1,1864186818501854
1618388962.211,1200,2,6500800060000808
1618388962.212,71,1,2000000000000000
1618388962.213,71,2,2000000000000000
1618388962.213,936,1,0100273e00000000
1618388962.218,146,2,6f57702673681e6f
1618388962.219,359,1,727f2c00001a0d00
1618388962.220,359,2,727f2c00001a0d00
1618388962.221,118,1,3e3e400071010000
1618388962.244,531,2,0101000000121a41
1618388962.245,71,1,2000000000000000
1618388962.247,71,2,2000000000000000
1618388962.249,145,1,7f1a7f5600000000
1618388962.251,130,1,6200142c62800000
1618388962.250,535,2,1870187c184c185c
1618388962.252,359,2,727f2c00001a0d00
1618388962.253,146,1,6f40701373562279
1618388962.254,118,2,3e3e400071010000
1618388962.256,71,1,2000000000000000
1618388962.258,133,2,7c2300005e700102
1618388962.261,359,1,727f2c00001a0d00
1618388962.262,359,2,727f2c00001a0d00
1618388962.262,936,1,0100274100000000
1618388962.270,936,2,0100274100000000
1618388962.271,359,1,727f2c00001a0d00
1618388962.273,359,2,727f2c00001a0d00
1618388962.274,534,1,1368702e56000000
1618388962.274,1046,2,59020b2c01000000
1618388962.275,71,1,2000000000000000
1618388962.276,71,2,2000000000000000
1618388962.277,610,1,4444686800000000
1618388962.281,516,2,3f467d0620000000
1618388962.282,359,1,727f2c00001a0d00
1618388962.283,359,2,727f2c00001a0d00
1618388962.284,118,1,3e3d400071010000
1618388962.295,531,2,0101000000121a41
1618388962.296,133,1,7c23000061600102
1618388962.297,131,2,0020800000000000
1618388962.299,535,1,187c187818601870
1618388962.302,130,1,6100142862800000
1618388962.300,120,2,0569801000000000
1618388962.321,359,2,727f2c00001a0e00
1618388962.324,118,1,3e3d400071010000
1618388962.325,118,2,3e3d400071010000
1618388962.327,133,2,7c22000065300102
1618388962.326,145,1,7e097f5800000000
1618388962.329,359,1,727f2b00001a0e00
1618388962.331,512,2,00007f4a7f510000
1618388962.334,936,1,0100274100000000
1618388962.338,936,2,0100274100000000
1618388962.344,359,1,727f2b00001a0d00
1618388962.346,359,2,727f2b00001a0d00
1618388962.348,535,1,1870187418681878
1618388962.349,1200,2,650080004000080e
1618388962.352,71,1,2000000000000000
1618388962.355,71,2,2000000000000000
1618388962.369,74,1,0200000000000040
1618388962.370,76,2,105f014000000000
1618388962.371,359,1,727f2c00001a0d00
1618388962.373,359,2,727f2c00001a0d00
1618388962.375,125,1,00000e30001f5702
1618388962.376,133,1,7c1f00005c100102
1618388962.375,534,2,52330d6d56000000
1618388962.377,71,2,2000000000000000
1618388962.379,611,1,0000000004000000
1618388962.382,535,2,186c1868186c1880
1618388962.387,145,1,7f327f3e00000000
1618388962.391,359,2,727f2d00001a0d00
1618388962.391,118,1,3e3a400071010000
1618388962.393,118,2,3e3a400071010000
1618388962.394,71,1,2000000000000000
1618388962.394,972,2,4000000000000000
1618388962.398,358,1,0000000140000000
1618388962.401,359,2,727f2c00001a0d00
1618388962.403,936,1,0100274400000000
1618388962.405,936,2,0100274400000000
1618388962.406,359,1,727f2c00001a0d00
1618388962.407,359,2,727f2c00001a0d00
1618388962.409,535,1,18681860187c1878
1618388962.410,1200,2,6500800010000010
1618388962.411,131,1,0020800000000000
1618388962.422,71,2,2000000000000000
1618388962.423,936,1,0100274400000000
1618388962.424,936,2,0100274400000000
1618388962.425,359,1,727f2c00001a0d00
1618388962.426,359,2,727f2c00001a0d00
1618388962.426,531,1,0101000000121b41
1618388962.427,534,2,62183f2256000000
1618388962.428,71,1,2000000000000000
1618388962.430,71,2,2000000000000000
1618388962.434,535,1,185818541878186c
1618388962.438,359,1,727f2c00001a0d00
1618388962.440,359,2,727f2c00001a0d00
1618388962.436,535,2,185818541878186c
1618388962.441,118,1,3e35400071010000
1618388962.442,118,2,3e35400071010000
1618388962.448,369,1,4460000000000000
1618388962.443,71,1,2000000000000000
1618388962.444,972,2,4000000000000000
1618388962.449,512,2,00007f497f520000
1618388962.453,936,2,0100274700000000
1618388962.451,936,1,0100274700000000
1618388962.455,516,1,3f347d0626000000
1618388962.459,516,2,3f347d0626000000
1618388962.459,1045,1,2058247d08410841
1618388962.460,133,2,7c1700006e500102
1618388962.464,71,1,2000000000000000
1618388962.466,71,2,2000000000000000
1618388962.467,1077,1,082408611c200900
1618388962.468,936,2,0100274a00000000
1618388962.469,359,1,727f2a00001a0f00
1618388962.470,359,2,727f2a00001a0f00
1618388962.471,531,1,0101000000121a41
1618388962.471,534,2,1664742a56000000
1618388962.473,71,1,2000000000000000
1618388962.475,71,2,2000000000000000
1618388962.476,512,1,00007f487f510000
1618388962.478,535,2,184818441868185c
1618388962.480,359,2,727f2900001a0f00
1618388962.481,118,2,3e31400071010000
1618388962.481,145,1,7e3c7f3c00000000
1618388962.483,1109,1,0000000000000000
1618388962.486,972,2,4000000000000000
1618388962.478,806,1,7f60013c01420000
1618388962.488,512,1,00007f487f510000
1618388962.490,512,2,00007f487f510000
1618388962.490,936,1,0100274c00000000
1618388962.492,936,2,0100274c00000000
1618388962.493,516,1,3f307d0627000000
1618388962.518,516,2,3f307d0627000000
1618388962.519,1200,1,6500800050000807
1618388962.520,133,2,7c14000067100102
1618388962.543,71,1,2000000000000000
1618388962.548,936,1,0100274d00000000
1618388962.546,71,2,2000000000000000
1618388962.549,936,2,0100274d00000000
1618388962.551,359,1,727f2900001a1000
1618388962.552,359,2,727f2900001a1000
1618388962.557,125,1,0000076000205715
1618388962.563,532,2,8000000000007960
1618388962.568,71,1,2000000000000000
1618388962.569,71,2,2000000000000000
1618388962.583,817,1,40413d7202580c00
1618388962.584,560,2,400600007e000000
1618388962.584,359,1,727f2800001a0f00
1618388962.591,359,2,727f2800001a0f00
1618388962.596,118,2,3e2e400071010000
1618388962.597,71,1,2000000000000000
1618388962.595,118,1,3e2e400071010000
1618388962.600,71,2,2000000000000000
1618388962.601,512,1,00007f477f500000
1618388962.602,512,2,00007f477f500000
1618388962.603,936,1,0100274f00000000
1618388962.606,936,2,0100274f00000000
1618388962.607,516,1,3f2e7d062c000000
1618388962.608,516,2,3f2e7d062c000000
1618388962.609,1046,1,5c020e2c01000000
1618388962.609,1200,2,6500800080000009
1618388962.613,71,1,2000000000000000
1618388962.614,71,2,2000000000000000
1618388962.618,1069,1,00024d0000004000
1618388962.620,609,2,00005a005a000000
1618388962.624,359,1,727f2800001a1000
1618388962.625,359,2,727f2800001a1000
1618388962.629,531,1,0101000000121a41
1618388962.637,145,2,7e2b7f302f281000
1618388962.643,131,1,0020800000000000
1618388962.644,131,2,0020800000000000
1618388962.645,535,1,18301828184c1840
1618388962.645,560,2,400600007e000000
1618388962.646,359,1,727f2900001a1000
1618388962.648,359,2,727f2900001a1000
1618388962.649,118,1,3e2f400071010000
1618388962.650,118,2,3e2f400071010000
1618388962.652,145,1,7e067f2c00000000
1618388962.652,71,2,2000000000000000
1618388962.653,512,1,00007f477f500000
1618388962.654,512,2,00007f477f500000
1618388962.655,936,1,0100275000000000
1618388962.656,936,2,0100275000000000
1618388962.656,609,1,00005a005a000000
1618388962.660,609,2,00005a005a000000
1618388962.661,1200,1,650080005000080d
1618388962.661,133,2,7c17000070300102
1618388962.664,71,2,2000000000000000
1618388962.662,71,1,2000000000000000
1618388962.664,76,1,105f014000000000
1618388962.665,936,2,0100275000000000
1618388962.665,359,1,727f2800001a1000
1618388962.666,359,2,727f2800001a1000
1618388962.667,531,1,0101000000121a41
1618388962.668,146,2,6f48701873426c46
1618388962.669,992,1,0000000080000000
1618388962.671,611,1,0000000004000000
1618388962.670,992,2,0000000080000000
1618388962.672,120,2,0168801000000000
1618388962.674,145,1,7f447f2600000000
1618388962.674,359,2,727f2800001a1100
1618388962.675,146,1,6f4f701673367c4b
1618388962.676,118,2,3e31400071010000
1618388962.679,71,2,2000000000000000
1618388962.677,71,1,2000000000000000
1618388962.682,65,1,0000000000000000
1618388962.683,120,2,0068001000000000
1618388962.685,936,1,0100274d00000000
1618388962.686,936,2,0100274d00000000
1618388962.687,578,1,026c204e23000001
1618388962.688,578,2,026c204e23000001
1618388962.689,1200,1,6500800020000810
1618388962.690,133,2,7c1d000060300102
1618388962.690,71,1,2000000000000000
1618388962.692,71,2,2000000000000000
1618388962.693,936,1,0100274d00000000
1618388962.695,936,2,0100274d00000000
1618388962.695,359,1,727f2800001a1000
1618388962.717,359,2,727f2800001a1000
1618388962.718,531,1,0101000000121a41
1618388962.719,532,2,8000000000007010
1618388962.720,71,1,2000000000000000
1618388962.722,71,2,2000000000000000
1618388962.724,535,1,1810180818241818
1618388962.724,560,2,400600007e000000
1618388962.726,359,1,727f2800001a1000
1618388962.729,359,2,727f2800001a1000
1618388962.730,118,1,3e38400071010000
1618388962.731,118,2,3e38400071010000
1618388962.733,71,1,2000000000000000
1618388962.734,71,2,2000000000000000
1618388962.737,65,1,0000000000000000
1618388962.742,514,2,043c58006000206b
1618388962.743,936,1,0100274a00000000
1618388962.744,936,2,0100274a00000000
1618388962.745,516,1,3f2e7d0637000000
1618388962.746,118,2,3e3a400071010000
1618388962.747,1200,1,6500800010000002
1618388962.747,133,2,7c2500005e700102
1618388962.749,71,1,2000000000000000
1618388962.768,936,1,0100274700000000
1618388962.767,71,2,2000000000000000
1618388962.769,936,2,0100274700000000
1618388962.770,359,1,727f2800001a1000
1618388962.771,359,2,727f2800001a1000
1618388962.771,532,1,8000000000007d20
1618388962.772,146,2,6f55702673472a7e
1618388962.773,71,1,2000000000000000
1618388962.775,71,2,2000000000000000
1618388962.776,514,1,042778006000205a
1618388962.777,512,2,00007f457f4f0000
1618388962.778,806,1,7f60013c01420000
1618388962.779,1459,2,4d00010101010101
1618388962.780,1068,1,7400000059400000
1618388962.781,1068,2,7400000059400000
1618388962.782,131,1,0020800000000000
1618388962.783,1109,2,0000000000000000
1618388962.783,512,1,00007f457f4f0000
1618388962.785,512,2,00007f457f4f0000
1618388962.791,936,1,0100274100000000
1618388962.795,936,2,0100274100000000
1618388962.796,516,1,3f2e7d0637000000
1618388962.817,516,2,3f2e7d0637000000
1618388962.818,1200,1,6500800040000806
1618388962.819,133,2,7c2b00005e100102
1618388962.820,71,1,2000000000000000
1618388962.821,71,2,2000000000000000
1618388962.822,936,1,0100274000000000
1618388962.823,936,2,0100274000000000
1618388962.825,359,2,727f2800001a1000
1618388962.824,359,1,727f2800001a1000
1618388962.826,531,1,0101000000121b41
1618388962.829,71,1,2000000000000000
1618388962.826,146,2,6f48701873742060
1618388962.830,71,2,2000000000000000
1618388962.833,535,1,19181920180c1908
1618388962.834,1068,2,7400000059400000
1618388962.836,359,1,727f2800001a0f00
1618388962.837,359,2,727f2800001a0f00
1618388962.838,118,1,3e45400071010000
1618388962.841,118,2,3e45400071010000
1618388962.842,71,1,2000000000000000
1618388962.844,71,2,2000000000000000
1618388962.845,65,1,0000000000000000
1618388962.846,514,2,041138006000203c
1618388962.848,936,1,0100273b00000000
1618388962.849,936,2,0100273b00000000
1618388962.850,516,1,3f2e7d0640000000
1618388962.851,516,2,3f2e7d0640000000
1618388962.858,1200,1,6500800070000809
1618388962.859,1200,2,6500800070000809
1618388962.860,71,1,2000000000000000
1618388962.861,71,2,2000000000000000
1618388962.892,1057,1,0000280000005a1d
1618388962.895,359,1,727f2800001a0f00
1618388962.893,609,2,0000590059000000
1618388962.896,359,2,727f2800001a0f00
1618388962.896,125,1,00000980001f1806
1618388962.898,146,2,6f51702373552142
1618388962.903,131,1,0020800000000000
1618388962.905,131,2,0020800000000000
1618388962.907,535,1,1928192819041914
1618388962.909,359,1,727f2900001a0e00
1618388962.908,145,2,7f087f58783d1000
1618388962.912,359,2,727f2900001a0e00
1618388962.913,118,1,3e44400071010000
1618388962.916,145,1,7e067f6000000000
1618388962.914,118,2,3e44400071010000
1618388962.917,71,2,2000000000000000
1618388962.918,65,1,0000000000000000
1618388962.919,512,2,00007f437f4f0000
1618388962.920,936,1,0100273a00000000
1618388962.922,936,2,0100273a00000000
1618388962.923,516,1,3f347c0646000000
1618388962.943,516,2,3f347c0646000000
1618388962.944,1200,1,650080006000080c
1618388962.949,133,2,7c24000061500102
1618388962.951,71,1,2000000000000000
1618388962.952,71,2,2000000000000000
1618388962.953,936,1,0100273b00000000
1618388962.955,936,2,0100273b00000000
1618388962.957,359,1,727f2a00001a0f00
1618388962.958,359,2,727f2a00001a0f00
1618388962.960,532,1,8000000000007450
1618388962.962,532,2,8000000000007450
1618388962.966,71,1,2000000000000000
1618388962.972,71,2,2000000000000000
1618388962.977,1076,1,2717171a0f010030
1618388962.978,145,2,7f397f5c3d1f1000
1618388962.979,145,1,7f397f5c00000000
1618388962.980,359,2,727f2900001a0e00
1618388962.980,118,1,3e3d400071010000
1618388962.982,118,2,3e3d400071010000
1618388962.984,71,1,2000000000000000
1618388962.985,71,2,2000000000000000
1618388962.986,65,1,0000000000000000
1618388962.991,120,2,0068001000000000
1618388962.991,936,1,0100274000000000
1618388962.993,130,2,6000143463800000
1618388962.993,1068,1,7400000059400000
1618388963.000,1068,2,7400000059400000
1618388963.001,1200,1,650080003000000e
1618388963.002,133,2,7c1b000060100102
1618388963.003,71,1,2000000000000000
1618388963.004,71,2,2000000000000000
1618388963.004,2024,1,0341113f00000000
1618388963.005,130,2,5f00143063800000
1618388963.006,359,1,727f2c00001a0e00
1618388963.013,359,2,727f2c00001a0e00
1618388963.014,531,1,0101000000121a41
1618388963.016,532,2,8000000000007120
1618388963.018,71,1,2000000000000000
1618388963.019,71,2,2000000000000000
1618388963.020,535,1,194c195019281938
1618388963.021,1152,2,0000000000000000
1618388963.024,359,1,727f2b00001a0e00
1618388963.025,359,2,727f2b00001a0e00
1618388963.026,118,1,3e35400071010000
1618388963.030,118,2,3e35400071010000
1618388963.043,71,1,2000000000000000
1618388963.045,71,2,2000000000000000
1618388963.047,65,1,0000000000000000
1618388963.050,514,2,0435480060002107
1618388963.051,936,1,0100274700000000
1618388963.053,133,2,7c17000069600102
1618388963.056,578,1,026c204623000001
1618388963.058,578,2,026c204623000001
1618388963.060,1200,1,6500800000000001
1618388963.061,133,2,7c1600006b700102
1618388963.063,71,1,2000000000000000
1618388963.064,71,2,2000000000000000
1618388963.066,936,1,0100274a00000000
1618388963.067,130,2,5f00142863800000
1618388963.068,359,1,727f2c00001a0d00
1618388963.069,359,2,727f2c00001a0d00
1618388963.070,532,1,8000000000007e10
1618388963.071,534,2,1168732a56000000
1618388963.072,71,1,2000000000000000
1618388963.073,71,2,2000000000000000
1618388963.075,516,1,3f3a7c064f000000
1618388963.076,1058,2,0000006c3b000202
1618388963.093,806,1,7f60013c01420000
1618388963.095,359,2,727f2c00001a0c00
1618388963.096,145,1,7f537f4000000000
1618388963.097,118,2,3e30400071010000
1618388963.099,131,1,0020800000000000
1618388963.101,131,2,0020800000000000
1618388963.103,65,1,0000000000000000
1618388963.118,512,2,00007f417f4c0000
1618388963.120,936,1,0100274d00000000
1618388963.122,133,2,7c1700006f400102
1618388963.123,118,1,3e30400071010000
1618388963.143,118,2,3e30400071010000
1618388963.147,1200,1,6500800030000805
1618388963.149,133,2,7c1800006f300102
1618388963.152,71,1,2000000000000000
1618388963.154,71,2,2000000000000000
1618388963.157,936,1,0100274f00000000
1618388963.159,130,2,6300142462800000
1618388963.161,359,1,727f2d00001a0c00
1618388963.164,359,2,727f2d00001a0c00
1618388963.166,531,1,0101000000121b41
1618388963.169,532,2,8000000000007b40
1618388963.171,71,1,2000000000000000
1618388963.173,71,2,2000000000000000
1618388963.175,145,1,7f2a7f3a00000000
1618388963.178,1068,2,7400000059400000
1618388963.180,359,1,727f2d00001a0b00
1618388963.181,359,2,727f2d00001a0b00
1618388963.182,118,1,3e32400071010000
1618388963.184,118,2,3e32400071010000
1618388963.185,71,1,2000000000000000
1618388963.186,71,2,2000000000000000
1618388963.187,65,1,0000000000000000
1618388963.190,936,1,0100274d00000000
1618388963.188,514,2,045c280060002132
1618388963.192,578,1,026c204f23000001
1618388963.191,133,2,7c1b000061200102
1618388963.193,578,2,026c204f23000001
1618388963.194,1200,1,6500800060000808
1618388963.195,133,2,7c1c000061300102
1618388963.197,71,1,2000000000000000
1618388963.198,71,2,2000000000000000
1618388963.200,1069,1,00024e0000004000
1618388963.201,609,2,00005b005b000000
1618388963.202,359,1,727f2e00001a0b00
1618388963.204,359,2,727f2e00001a0b00
1618388963.205,125,1,00000870001f4850
1618388963.206,532,2,8000000000007870
1618388963.207,131,1,0020800000000000
1618388963.208,129,2,0000000000000000
1618388963.209,535,1,1978197c1960196c
1618388963.210,145,2,7f3f7f2405591000
1618388963.211,359,1,727f2e00001a0b00
1618388963.212,359,2,727f2e00001a0b00
1618388963.214,118,1,3e36400071010000
1618388963.214,118,2,3e36400071010000
1618388963.215,145,1,7f387f2400000000
1618388963.217,71,2,2000000000000000
1618388963.219,512,1,00007f407f4c0000
1618388963.221,512,2,00007f407f4c0000
1618388963.222,936,1,0100274a00000000
1618388963.223,133,2,7c1f000063800102
1618388963.223,516,1,3f3b7d065c000000
1618388963.224,516,2,3f3b7d065c000000
1618388963.225,1200,1,650080007000080b
1618388963.227,133,2,7c1f000064700102
1618388963.228,71,1,2000000000000000
1618388963.241,71,2,2000000000000000
1618388963.242,936,1,0100274900000000
1618388963.243,130,2,6600142863800000
1618388963.244,359,1,727f3100001a0900
1618388963.245,359,2,727f3100001a0900
1618388963.247,531,1,0101000000121c41
1618388963.248,532,2,8000000000007560
1618388963.249,133,1,7c20000065500102
1618388963.250,71,2,2000000000000000
1618388963.250,1072,1,0700764b7c01166f
1618388963.253,560,2,400600007e000000
1618388963.253,145,1,7f157f2400000000
1618388963.254,359,2,727f3100001a0800
1618388963.255,118,1,3e39400071010000
1618388963.255,118,2,3e39400071010000
1618388963.256,71,1,2000000000000000
1618388963.292,71,2,2000000000000000
1618388963.294,65,1,0000000000000000
1618388963.295,376,2,000002030e6d426d
1618388963.302,938,1,0022200000000000
1618388963.314,133,2,7c20000068200102
1618388963.317,578,1,026c204a23000001
1618388963.319,578,2,026c204a23000001
1618388963.323,1084,1,32484b5e48208038
1618388963.324,1200,2,650080004000080e
1618388963.325,71,1,2000000000000000
1618388963.332,71,2,2000000000000000
1618388963.339,130,2,6400142863800000
1618388963.337,2024,1,0341336100000000
1618388963.339,359,1,727f3200001a0800
1618388963.341,359,2,727f3200001a0800
1618388963.354,532,1,8000000000007230
1618388963.355,532,2,8000000000007230
1618388963.356,71,1,2000000000000000
1618388963.358,71,2,2000000000000000
1618388963.361,535,1,19601954197c1974
1618388963.362,1152,2,0000000000000000
1618388963.365,359,1,727f3200001a0700
1618388963.366,359,2,727f3200001a0700
1618388963.371,118,1,3e3a400071010000
1618388963.372,118,2,3e3a400071010000
1618388963.374,71,1,2000000000000000
1618388963.376,71,2,2000000000000000
1618388963.381,65,1,0000000000000000
1618388963.386,512,2,00007f407f4a0000
1618388963.388,936,1,0100274400000000
1618388963.391,936,2,0100274400000000
1618388963.393,949,1,010a010a01070109
1618388963.395,118,2,3e3a400071010000
1618388963.397,71,1,2000000000000000
1618388963.400,133,2,7c2000005f500102
1618388963.402,357,1,1040000000000000
1618388963.404,71,2,2000000000000000
1618388963.406,936,1,0100274400000000
1618388963.407,130,2,6400142863800000
1618388963.410,359,1,727f3200001a0600
1618388963.412,359,2,727f3200001a0600
1618388963.414,532,1,8000000000007f00
1618388963.415,534,2,790e154f56000000
1618388963.416,71,1,2000000000000000
1618388963.419,71,2,2000000000000000
1618388963.420,516,1,3f3b7d066c000000
1618388963.422,514,2,0449580060002179
1618388963.423,359,1,727f3400001a0600
1618388963.424,359,2,727f3400001a0600
1618388963.425,145,1,7f7f7f4c00000000
1618388963.426,118,2,3e3a400071010000
1618388963.427,2015,1,0201070000000000
1618388963.429,131,2,0020800000000000
1618388963.430,65,1,0000000000000000
1618388963.432,514,2,0440680060002172
1618388963.434,130,1,6400142863800000
1618388963.435,936,2,0100274400000000
1618388963.436,516,1,3f3b7d066b000000
1618388963.437,578,2,026c204122000001
1618388963.440,1200,1,6500800020000804
1618388963.441,133,2,7c21000064500102
1618388963.442,71,1,2000000000000000
1618388963.443,71,2,2000000000000000
1618388963.444,2024,1,0341077b00000000
1618388963.444,130,2,6500142462800000
1618388963.447,359,2,727f3400001a0600
1618388963.449,531,1,0101000000121c41
1618388963.445,359,1,727f3400001a0600
1618388963.450,532,2,8000000000007c30
1618388963.453,71,2,2000000000000000
1618388963.452,71,1,2000000000000000
1618388963.456,535,1,1938193819641950
1618388963.456,74,2,0200000000000040
1618388963.457,359,1,727f3400001a0500
1618388963.458,359,2,727f3400001a0500
1618388963.459,118,1,3e3a400071010000
1618388963.460,119,2,216f08317f082222
1618388963.461,71,1,2000000000000000
1618388963.462,71,2,2000000000000000
1618388963.463,65,1,0000000000000000
1618388963.469,514,2,0430180060002158
1618388963.472,130,1,6300142863800000
1618388963.472,936,2,0100274400000000
1618388963.474,118,1,3e3a400071010000
1618388963.474,118,2,3e3a400071010000
1618388963.479,133,2,7c2100005a100102
1618388963.476,1200,1,6500800050000807
1618388963.481,71,1,2000000000000000
1618388963.484,71,2,2000000000000000
1618388963.488,1069,1,00024e0000004000
1618388963.489,1058,2,0000006b3b000202
1618388963.490,359,1,727f3500001a0500
1618388963.491,359,2,727f3500001a0500
1618388963.493,531,1,0101000000121c41
1618388963.494,532,2,8000000000007960
1618388963.495,131,1,0020800000000000
1618388963.496,131,2,0020800000000000
1618388963.497,535,1,192819201948193c
1618388963.500,145,2,7f5c7f5606111000
1618388963.501,359,1,727f3500001a0600
1618388963.503,146,1,6f377015737c7311
1618388963.501,359,2,727f3500001a0600
1618388963.508,118,2,3e3a400071010000
1618388963.508,145,1,7f477f4600000000
1618388963.509,71,2,2000000000000000
1618388963.510,512,1,00007f407f480000
1618388963.519,936,1,0100274400000000
1618388963.518,512,2,00007f407f480000
1618388963.520,936,2,0100274400000000
1618388963.520,609,1,00005e005e000000
1618388963.521,609,2,00005e005e000000
1618388963.524,133,2,7c21000060700102
1618388963.523,1200,1,650080008000080a
1618388963.525,71,1,2000000000000000
1618388963.526,71,2,2000000000000000
1618388963.530,936,1,0100274400000000
1618388963.531,130,2,6400142863800000
1618388963.544,359,1,727f3400001a0500
1618388963.545,359,2,727f3400001a0500
1618388963.546,532,1,8000000000007670
1618388963.547,534,2,6821036156000000
1618388963.549,71,1,2000000000000000
1618388963.550,71,2,2000000000000000
1618388963.552,1076,1,2718171a0f010030
1618388963.554,145,2,7f3d7f4e010d1000
1618388963.556,145,1,7f3d7f4e00000000
1618388963.566,359,2,727f3500001a0500
1618388963.569,118,1,3e3a400071010000
1618388963.570,119,2,214008327f080e27
1618388963.570,71,1,2000000000000000
1618388963.572,71,2,2000000000000000
1618388963.574,359,2,727f3600001a0500
1618388963.572,66,1,0000000000000000
1618388963.575,936,1,0100274400000000
1618388963.576,936,2,0100274400000000
1618388963.578,1068,1,7400000059400000
1618388963.579,1068,2,7400000059400000
1618388963.580,1200,1,650080005000080d
1618388963.581,133,2,7c21000066300102
1618388963.593,71,1,2000000000000000
1618388963.593,71,2,2000000000000000
1618388963.594,936,1,0100274400000000
1618388963.595,130,2,6300142863800000
1618388963.596,359,1,727f3500001a0500
1618388963.596,359,2,727f3500001a0500
1618388963.597,532,1,8000000000007340
1618388963.598,534,2,482f531256000000
1618388963.600,71,1,2000000000000000
1618388963.603,71,2,2000000000000000
1618388963.604,535,1,1908190819281918
1618388963.617,1152,2,0000000000000000
1618388963.618,359,1,727f3500001a0500
1618388963.619,359,2,727f3500001a0500
1618388963.620,118,1,3e3a400071010000
1618388963.621,118,2,3e3a400071010000
1618388963.622,71,1,2000000000000000
1618388963.623,71,2,2000000000000000
1618388963.624,65,1,0000000000000000
1618388963.625,514,2,0415280060002115
1618388963.627,130,1,6300142862800000
1618388963.628,359,2,727f3700001a0400
1618388963.642,578,1,026c205323000001
1618388963.643,578,2,026c205323000001
1618388963.644,992,1,0000000080000000
1618388963.650,133,2,7c2100005c300102
1618388963.651,71,1,2000000000000000
1618388963.652,71,2,2000000000000000
1618388963.653,936,1,0100274400000000
1618388963.654,130,2,6400142863800000
1618388963.667,359,1,727f3700001a0500
1618388963.669,359,2,727f3700001a0500
1618388963.672,532,1,8000000000007010
1618388963.674,534,2,087f5e3e56000000
1618388963.677,71,1,2000000000000000
1618388963.683,516,1,3f3d7c067b000000
1618388963.679,71,2,2000000000000000
1618388963.684,145,2,7f2b7f5425491000
1618388963.686,359,1,727f3500001a0500
1618388963.690,145,1,7f2b7f5400000000
1618388963.691,118,2,3e3a400071010000
1618388963.692,1109,1,0000000000000000
1618388963.693,1109,2,0000000000000000
1618388963.688,359,2,727f3500001a0500
1618388963.694,65,1,0000000000000000
1618388963.717,514,2,042c580060002104
1618388963.719,936,1,0100274400000000
1618388963.721,936,2,0100274400000000
1618388963.724,516,1,3f3d7c067f000000
1618388963.728,516,2,3f3d7c067f000000
1618388963.731,145,1,7f1a7f4400000000
1618388963.733,133,2,7c21000062700102
1618388963.735,71,1,2000000000000000
1618388963.738,71,2,2000000000000000
1618388963.740,936,1,0100274400000000
1618388963.744,130,2,6500142863800000
1618388963.747,359,1,727f3800001a0200
1618388963.750,359,2,727f3800001a0200
1618388963.752,531,1,0101000000121c41
1618388963.757,532,2,8000000000007d20
1618388963.759,71,1,2000000000000000
1618388963.762,71,2,2000000000000000
1618388963.764,535,1,1a141a1819041a08
1618388963.767,74,2,0200000000000040
1618388963.769,359,1,727f3900001a0300
1618388963.772,118,1,3e3a400071010000
1618388963.770,359,2,727f3900001a0300
1618388963.773,119,2,220508327f081e21
1618388963.775,71,1,2000000000000000
1618388963.777,71,2,2000000000000000
1618388963.778,65,1,0000000000000000
1618388963.781,514,2,043a080060002213
1618388963.783,130,1,6600142463800000
1618388963.786,359,2,727f3800001a0200
1618388963.790,516,1,3f3d7d067d000000
1618388963.792,578,2,026c205123000001
1618388963.794,1046,1,58020a2c01000000
1618388963.797,133,2,7c23000066100102
1618388963.799,71,1,2000000000000000
1618388963.801,71,2,2000000000000000
1618388963.803,1085,1,003a254400000000
1618388963.804,609,2,0000600060000000
1618388963.806,359,1,727f3900001a0100
1618388963.809,359,2,727f3900001a0100
1618388963.810,531,1,0101000000121d41
1618388963.814,131,1,0020800000000000
1618388963.811,532,2,8000000000007a50
1618388963.815,131,2,0020800000000000
1618388963.816,535,1,1a2c1a301a081a18
1618388963.817,145,2,7f397f4e757b1000
1618388963.819,359,1,727f3a00001a0100
1618388963.820,359,2,727f3a00001a0100
1618388963.821,118,1,3e3d400071010000
1618388963.824,118,2,3e3d400071010000
1618388963.825,2015,1,0201440000000000
1618388963.826,71,2,2000000000000000
1618388963.845,512,1,00007f407f470000
1618388963.846,512,2,00007f407f470000
1618388963.847,936,1,0100274100000000
1618388963.848,936,2,0100274100000000
1618388963.849,609,1,0000600060000000
1618388963.852,609,2,0000600060000000
1618388963.853,1200,1,6500800070000809
1618388963.855,133,2,7c28000057500102
1618388963.857,71,1,2000000000000000
1618388963.859,71,2,2000000000000000
1618388963.861,2024,1,0441447765000000
1618388963.861,130,2,6900142462800000
1618388963.863,359,1,727f3900001a0200
1618388963.865,359,2,727f3900001a0200
1618388963.866,531,1,0101000000121c41
1618388963.867,532,2,8000000000007780
1618388963.869,133,1,7c2a000057700102
1618388963.871,71,2,2000000000000000
1618388963.872,1072,1,0300764b7c01126f
1618388963.874,146,2,6f5570277370215d
1618388963.875,359,1,727f3900001a0200
1618388963.877,359,2,727f3900001a0200
1618388963.879,118,1,3e42400071010000
1618388963.880,119,2,2231082d7f080a22
1618388963.880,71,1,2000000000000000
1618388963.882,71,2,2000000000000000
1618388963.883,65,1,0000000000000000
1618388963.885,376,2,000002010e6d426d
1618388963.886,936,1,0100273e00000000
1618388963.886,936,2,0100273e00000000
1618388963.887,578,1,026c204322000001
1618388963.889,578,2,026c204322000001
1618388963.894,1109,1,0000000000000000
1618388963.895,133,2,7c31000054500102
1618388963.897,71,1,2000000000000000
1618388963.898,71,2,2000000000000000
1618388963.899,130,1,6e00142462800000
1618388963.900,130,2,6e00142462800000
1618388963.902,359,1,727f3a00001a0100
1618388963.903,359,2,727f3a00001a0100
1618388963.904,531,1,0101000000121c41
1618388963.907,534,2,4b3e1d7f56000000
1618388963.908,71,1,2000000000000000
1618388963.910,71,2,2000000000000000
1618388963.911,130,1,6f00142462800000
1618388963.912,145,2,7f4e7f523e3f1000
1618388963.917,359,1,727f3a00001a0100
1618388963.918,359,2,727f3a00001a0100
1618388963.920,146,1,6f50702673646f3f
1618388963.922,71,1,2000000000000000
1618388963.921,118,2,3e4d400071010000
1618388963.924,71,2,2000000000000000
1618388963.926,65,1,0000000000000000
1618388963.927,514,2,047f180060002258
1618388963.928,936,1,0100273500000000
1618388963.944,936,2,0100273500000000
1618388963.945,817,1,40413d7002580c00
1618388963.948,71,1,2000000000000000
1618388963.946,118,2,3e51400071010000
1618388963.951,133,2,7c3f00003c100102
1618388963.952,357,1,1040000000000000
1618388963.952,71,2,2000000000000000
1618388963.954,2024,1,0341455d00000000
1618388963.955,130,2,7300142463800000
1618388963.957,359,1,727f3800001a0100
1618388963.967,359,2,727f3800001a0100
1618388963.968,531,1,0101000000121b41
1618388963.969,532,2,8000000000007120
1618388963.971,71,1,2000000000000000
1618388963.976,71,2,2000000000000000
1618388963.977,516,1,3f3d7d0673000000
1618388963.979,145,2,7e2e7f684d211000
1618388963.980,359,1,727f3a00001a0100
1618388963.981,359,2,727f3a00001a0100
1618388963.982,145,1,7e2e7f6800000000
1618388963.994,118,2,3e5c400071010000
1618388963.996,131,1,0020800000000000
1618388963.997,131,2,0020800000000000
1618388964.019,512,1,00007f3f7f460000
1618388964.021,512,2,00007f3f7f460000
1618388964.022,936,1,0100272900000000
1618388964.023,936,2,0100272900000000
1618388964.024,578,1,026c204a22000001
1618388964.027,1045,1,22732c4808300830
1618388964.025,578,2,026c204a22000001
1618388964.028,133,2,7c4d000034700102
1618388964.031,71,1,2000000000000000
1618388964.033,71,2,2000000000000000
1618388964.043,130,1,7800142463800000
1618388964.057,130,2,7800142463800000
1618388964.059,359,1,727f3c00001b0000
1618388964.061,359,2,727f3c00001b0000
1618388964.063,531,1,0101000000121b41
1618388964.064,532,2,8000000000007e10
1618388964.067,71,1,2000000000000000
1618388964.070,145,1,7e2b7f7000000000
1618388964.068,71,2,2000000000000000
1618388964.071,74,2,0200000000000040
1618388964.073,359,1,727f3c00001b0100
1618388964.076,359,2,727f3c00001b0100
1618388964.078,118,1,3e69400071010000
1618388964.080,118,2,3e69400071010000
1618388964.081,71,1,2000000000000000
1618388964.083,71,2,2000000000000000
1618388964.085,514,2,044678006000227b
1618388964.084,65,1,0000000000000000
1618388964.085,936,1,0100271a00000000
1618388964.087,936,2,0100271a00000000
1618388964.088,118,1,3e6c400071010000
1618388964.089,118,2,3e6c400071010000
1618388964.093,1046,1,5b020d2c01000000
1618388964.096,1200,2,6500800030000805
1618388964.097,71,1,2000000000000000
1618388964.099,71,2,2000000000000000
1618388964.101,359,1,727f3b00001b0100
1618388964.100,1069,1,00024f0000004000
1618388964.102,359,2,727f3b00001b0100
1618388964.101,1058,2,0000006b3b000202
1618388964.103,531,1,0101000000121b41
1618388964.104,532,2,8000000000007b40
1618388964.105,131,1,0020800000000000
1618388964.109,131,2,0020800000000000
1618388964.111,535,1,1a7c1a7c1a5c1a64
1618388964.112,120,2,0569801000000000
1618388964.114,359,1,727f3d00001b0100
1618388964.115,359,2,727f3d00001b0100
1618388964.116,118,1,3e72400071010000
1618388964.117,118,2,3e72400071010000
1618388964.118,145,1,7e207f4500000000
1618388964.120,71,2,2000000000000000
1618388964.122,65,1,0000000000000000
1618388964.123,514,2,0437280060002262
1618388964.126,936,1,0100270f00000000
1618388964.129,936,2,0100270f00000000
1618388964.131,516,1,3f3d7d0662000000
1618388964.132,516,2,3f3d7d0662000000
1618388964.133,1200,1,6500800060000808
1618388964.134,133,2,7c59000024300102
1618388964.135,71,1,2000000000000000
1618388964.136,71,2,2000000000000000
1618388964.140,130,1,7700142462800000
1618388964.143,359,1,727f3c00001b0200
1618388964.141,130,2,7700142462800000
1618388964.145,359,2,727f3c00001b0200
1618388964.147,531,1,0101000000121a41
1618388964.149,534,2,7008293d56000000
1618388964.151,71,2,2000000000000000
1618388964.150,71,1,2000000000000000
1618388964.152,1072,1,0300764b7c01126f
1618388964.155,145,2,7f447f235b391000
1618388964.156,145,1,7f447f2300000000
1618388964.156,359,2,727f3d00001b0200
1618388964.157,118,1,3e72400071010000
1618388964.158,118,2,3e72400071010000
1618388964.158,71,1,2000000000000000
1618388964.159,71,2,2000000000000000
1618388964.161,65,1,0000000000000000
1618388964.192,359,2,727f3d00001b0200
1618388964.193,936,1,0100270f00000000
1618388964.194,936,2,0100270f00000000
1618388964.195,1068,1,7400000059400000
1618388964.195,1068,2,7400000059400000
1618388964.196,1200,1,650080007000080b
1618388964.197,133,2,7c5500002e700102
1618388964.198,71,1,2000000000000000
1618388964.200,998,2,0000040780000000
1618388964.204,130,1,7200142862800000
1618388964.206,130,2,7200142862800000
1618388964.207,359,1,727f3e00001b0100
1618388964.208,359,2,727f3e00001b0100
1618388964.209,531,1,0101000000121941
1618388964.210,71,1,2000000000000000
1618388964.212,535,1,1a6c1a6c1a7c1a7c
1618388964.210,532,2,8000000000007560
1618388964.212,71,2,2000000000000000
1618388964.213,145,2,7f767f2309571000
1618388964.214,359,1,727f3d00001b0200
1618388964.244,359,2,727f3d00001b0200
1618388964.245,118,1,3e6d400071010000
1618388964.246,118,2,3e6d400071010000
1618388964.249,71,1,2000000000000000
1618388964.250,71,2,2000000000000000
1618388964.253,66,1,0000000000000000
1618388964.256,514,2,041e080060002245
1618388964.257,936,1,0100271000000000
1618388964.259,936,2,0100271000000000
1618388964.259,578,1,026c205122000001
1618388964.260,578,2,026c205122000001
1618388964.261,71,1,2000000000000000
1618388964.262,71,2,2000000000000000
1618388964.263,357,1,1040000000000000
1618388964.265,357,2,1040000000000000
1618388964.271,130,1,7500142463800000
1618388964.272,130,2,7500142463800000
1618388964.273,359,1,727f3c00001a0100
1618388964.274,359,2,727f3c00001a0100
1618388964.275,531,1,0101000000121a41
1618388964.277,71,1,2000000000000000
1618388964.276,532,2,8000000000007230
1618388964.278,71,2,2000000000000000
1618388964.279,514,1,040e280060002239
1618388964.280,145,2,7e1d7f4163751000
1618388964.282,359,2,727f3a00001a0200
1618388964.281,359,1,727f3a00001a0200
1618388964.285,118,2,3e6c400071010000
1618388964.284,952,1,0101010100000000
1618388964.285,994,1,0000000000000000
1618388964.289,994,2,0000000000000000
1618388964.318,65,1,0000000000000000
1618388964.320,514,2,0403380060002230
1618388964.321,936,1,0100271100000000
1618388964.324,936,2,0100271100000000
1618388964.324,118,1,3e6d400071010000
1618388964.326,118,2,3e6d400071010000
1618388964.328,1200,1,6500800010000811
1618388964.329,133,2,7c5300002c500102
1618388964.333,71,1,2000000000000000
1618388964.335,71,2,2000000000000000
1618388964.337,130,1,7800142863800000
1618388964.339,130,2,7800142863800000
1618388964.340,359,1,727f3800001a0300
1618388964.341,359,2,727f3800001a0300
1618388964.342,531,1,0101000000121b41
1618388964.344,531,2,0101000000121b41
1618388964.345,71,1,2000000000000000
1618388964.346,71,2,2000000000000000
1618388964.347,145,1,7e5f7f4300000000
1618388964.349,74,2,0200000000000040
1618388964.351,359,1,727f3700001a0300
1618388964.354,118,1,3e6d400071010000
1618388964.353,359,2,727f3700001a0300
1618388964.369,118,2,3e6d400071010000
1618388964.370,71,1,2000000000000000
1618388964.373,71,2,2000000000000000
1618388964.374,512,1,00007f3f7f420000
1618388964.375,512,2,00007f3f7f420000
1618388964.376,936,1,0100271100000000
1618388964.377,936,2,0100271100000000
1618388964.377,578,1,026c204323000001
1618388964.378,578,2,026c204323000001
1618388964.379,1046,1,5e02102c01000000
1618388964.380,133,2,7c55000030500102
1618388964.381,71,1,2000000000000000
1618388964.382,71,2,2000000000000000
1618388964.384,1057,1,000028000000581d
1618388964.385,609,2,00005f005f000000
1618388964.387,118,1,3e6f400071010000
1618388964.390,119,2,2219080e7f09161f
1618388964.392,133,1,7c54000033300102
1618388964.392,131,2,0020800000000000
1618388964.393,516,1,3f467d0651000000
1618388964.394,516,2,3f467d0651000000
1618388964.394,359,1,727f3a00001a0100
1618388964.418,359,2,727f3a00001a0100
1618388964.419,578,1,026c204122000001
1618388964.420,578,2,026c204122000001
1618388964.423,2024,1,044143002e000000
1618388964.424,71,2,2000000000000000
1618388964.425,357,1,1040000000000000
1618388964.425,357,2,1040000000000000
1618388964.426,130,1,7500142863800000
1618388964.427,130,2,7500142863800000
1618388964.430,359,1,727f3900001a0100
1618388964.432,531,1,0101000000121941
1618388964.431,359,2,727f3900001a0100
1618388964.433,535,2,1a201a201a481a44
1618388964.434,71,1,2000000000000000
1618388964.435,71,2,2000000000000000
1618388964.436,74,1,0200000000000040
1618388964.442,120,2,0068001000000000
1618388964.443,359,1,727f3a00001a0100
1618388964.446,359,2,727f3a00001a0100
1618388964.447,118,1,3e6f400071010000
1618388964.448,125,2,0000076000205920
1618388964.449,133,1,7c5200002b300102
1618388964.450,71,2,2000000000000000
1618388964.452,516,1,3f467d0651000000
1618388964.453,516,2,3f467d0651000000
1618388964.466,145,1,7e097f3b00000000
1618388964.467,359,2,727f3a00001a0200
1618388964.468,118,1,3e6c400071010000
1618388964.469,118,2,3e6c400071010000
1618388964.470,1200,1,6500800070000008
1618388964.473,71,2,2000000000000000
1618388964.475,342,1,6b00000003000000
1618388964.476,357,2,1040000000000000
1618388964.478,1085,1,003a254300000000
1618388964.479,130,2,7300142863800000
1618388964.479,359,1,727f3a00001a0100
1618388964.480,359,2,727f3a00001a0100
1618388964.482,531,1,0101000000121941
1618388964.493,534,2,6325076c56000000
1618388964.494,131,1,0020800000000000
1618388964.495,673,2,0101010100000000
1618388964.496,130,1,7400142462800000
1618388964.497,130,2,7400142462800000
1618388964.498,359,1,727f3a00001b0200
1618388964.499,359,2,727f3a00001b0200
1618388964.500,118,1,3e6b400071010000
1618388964.501,125,2,00000a7000212806
1618388964.502,133,1,7c50000033700102
1618388964.503,71,2,2000000000000000
1618388964.519,514,1,045e68006000232a
1618388964.520,516,2,3f467d0642000000
1618388964.522,359,1,727f3e00001b0100
1618388964.523,359,2,727f3e00001b0100
1618388964.524,578,1,026c204c23000001
1618388964.525,578,2,026c204c23000001
1618388964.526,71,1,2000000000000000
1618388964.527,71,2,2000000000000000
1618388964.531,357,2,1040000000000000
1618388964.530,357,1,1040000000000000
1618388964.532,130,1,7300142462800000
1618388964.533,133,2,7c50000036400102
1618388964.542,359,1,727f3b00001a0100
1618388964.543,359,2,727f3b00001a0100
1618388964.544,534,1,4a2f4c1956000000
1618388964.545,1045,2,2357407e08180818
1618388964.547,71,1,2000000000000000
1618388964.549,71,2,2000000000000000
1618388964.550,1076,1,2718171a0f010030
1618388964.551,359,1,727f3900001a0100
1618388964.551,130,2,7100142863800000
1618388964.552,359,2,727f3900001a0100
1618388964.553,118,1,3e6a400071010000
1618388964.566,145,2,7f057f4d5d061000
1618388964.570,133,1,7c4d00003c100102
1618388964.572,71,2,2000000000000000
1618388964.573,377,1,00000000442f093c
1618388964.574,512,2,00007f3e7f440000
1618388964.575,806,1,7f60013d01420000
1618388964.576,359,2,727f3900001a0100
1618388964.577,1068,1,7400000059400000
1618388964.578,1068,2,7400000059400000
1618388964.593,1109,1,0000000000000000
1618388964.594,1109,2,0000000000000000
1618388964.595,359,1,727f3900001a0100
1618388964.596,359,2,727f3900001a0100
1618388964.597,130,1,7300142862800000
1618388964.598,936,2,0100271400000000
1618388964.600,359,1,727f3a00001b0500
1618388964.601,359,2,727f3a00001b0500
1618388964.602,534,1,097e613956000000
1618388964.603,1200,2,6500800020000810
1618388964.604,71,1,2000000000000000
1618388964.606,71,2,2000000000000000
1618388964.607,130,1,7000142862800000
1618388964.608,130,2,7000142862800000
1618388964.617,359,1,727f4100001b0600
1618388964.662,119,1,233b08117f09121e
1618388964.660,359,2,727f4100001b0600
1618388964.666,145,2,7e0f7f536c241000
1618388964.668,133,1,7c4b000034500102
1618388964.670,71,2,2000000000000000
1618388964.671,1068,1,7400000059400000
1618388964.672,74,2,0200000000000040
1618388964.673,359,1,727f4300001b0700
1618388964.674,359,2,727f4300001b0700
1618388964.675,118,1,3e65400071010000
1618388964.676,118,2,3e65400071010000
1618388964.677,992,1,0000000080000000
1618388964.677,992,2,0000000080000000
1618388964.678,369,1,4460000000000000
1618388964.679,512,2,00007f3e7f440000
1618388964.680,936,1,0100271700000000
1618388964.681,936,2,0100271700000000
1618388964.681,359,1,727f4400001b0800
1618388964.701,359,2,727f4400001b0800
1618388964.702,535,1,1b101b181b001a08
1618388964.703,133,2,7c4900003a700102
1618388964.704,71,1,2000000000000000
1618388964.705,71,2,2000000000000000
1618388964.707,1057,1,000028000000571d
1618388964.708,560,2,400600007e000000
1618388964.709,359,1,727f4400001b0800
1618388964.710,119,1,234e08117f092223
1618388964.709,359,2,727f4400001b0800
1618388964.712,146,2,6f7c701073546642
1618388964.712,131,1,0020800000000000
1618388964.715,535,1,1b1c1b1c1b081b08
1618388964.716,120,2,0169801000000000
1618388964.713,131,2,0020800000000000
1618388964.716,359,1,727f4500001b0800
1618388964.717,359,2,727f4500001b0800
1618388964.718,118,1,3e63400071010000
1618388964.719,118,2,3e63400071010000
1618388964.721,71,2,2000000000000000
1618388964.720,145,1,7f137f4d00000000
1618388964.722,369,1,4460000000000000
1618388964.723,512,2,00007f3e7f460000
1618388964.746,936,1,0100271c00000000
1618388964.747,936,2,0100271c00000000
1618388964.748,516,1,3f4e7c0636000000
1618388964.749,516,2,3f4e7c0636000000
1618388964.752,1045,1,23701c40081c081c
1618388964.753,133,2,7c46000043100102
1618388964.754,71,1,2000000000000000
1618388964.755,71,2,2000000000000000
1618388964.758,130,1,6e00142863800000
