random1:
    [780]
random2:
    [537, 1334]
random4:
    [48, 556, 1212, 1490]
random (random10):
    [469, 582, 623, 746, 910, 1035, 1365, 1537, 1556, 1725]
random20:
    [169, 234, 249, 348, 432, 527, 571, 611, 633, 708, 724, 982, 1084, 1156, 1218, 1338, 1426, 1428, 1589, 1790]
random40:
    [2, 42, 281, 293, 393, 431, 445, 555, 628, 645, 647, 665, 667, 669, 681, 699, 768, 970, 986, 1039, 1077, 1164, 1170, 1244, 1322, 1329, 1338, 1424, 1428, 1504, 1509, 1578, 1588, 1608, 1644, 1736, 1860, 1915, 1935, 1960]
random80:
    [1, 6, 61, 77, 85, 93, 103, 121, 128, 137, 145, 149, 166, 168, 185, 193, 211, 232, 256, 302, 316, 335, 338, 427, 502, 530, 539, 564, 592, 635, 647, 648, 660, 671, 683, 717, 731, 798, 823, 828, 856, 871, 895, 902, 910, 1017, 1038, 1051, 1054, 1091, 1160, 1188, 1190, 1215, 1277, 1286, 1292, 1294, 1322, 1324, 1399, 1440, 1446, 1474, 1482, 1502, 1528, 1546, 1555, 1579, 1665, 1726, 1776, 1800, 1807, 1812, 1862, 1863, 1872, 1969]
random200:
    [24, 26, 32, 42, 51, 63, 84, 87, 99, 112, 129, 133, 141, 145, 156, 158, 174, 204, 218, 225, 227, 237, 245, 249, 252, 255, 256, 257, 261, 262, 266, 275, 277, 283, 294, 299, 300, 313, 333, 344, 358, 359, 368, 381, 396, 402, 422, 431, 433, 450, 460, 463, 494, 495, 505, 509, 511, 532, 534, 535, 539, 568, 575, 580, 594, 595, 601, 609, 618, 631, 644, 671, 673, 681, 704, 709, 713, 721, 725, 736, 764, 768, 780, 804, 816, 855, 856, 868, 872, 877, 879, 890, 926, 942, 950, 966, 1007, 1015, 1016, 1019, 1020, 1024, 1043, 1061, 1062, 1072, 1078, 1095, 1096, 1099, 1110, 1112, 1120, 1124, 1127, 1128, 1134, 1147, 1151, 1153, 1162, 1169, 1186, 1194, 1200, 1209, 1236, 1242, 1246, 1259, 1263, 1286, 1290, 1324, 1327, 1334, 1335, 1339, 1342, 1343, 1349, 1350, 1379, 1387, 1397, 1415, 1419, 1428, 1448, 1456, 1458, 1477, 1484, 1498, 1510, 1519, 1570, 1596, 1599, 1603, 1611, 1626, 1632, 1643, 1688, 1690, 1708, 1717, 1734, 1739, 1743, 1765, 1770, 1781, 1791, 1794, 1803, 1817, 1825, 1841, 1845, 1860, 1867, 1884, 1885, 1892, 1894, 1913, 1915, 1927, 1936, 1941, 1944, 1947, 1958, 1959, 1967, 1974, 1989, 1991]
random400:
    [6, 10, 12, 15, 17, 18, 22, 28, 30, 32, 39, 43, 46, 53, 56, 59, 62, 67, 70, 78, 82, 83, 95, 108, 112, 113, 116, 119, 132, 143, 151, 154, 163, 167, 169, 172, 175, 178, 179, 186, 192, 193, 195, 202, 206, 207, 227, 242, 245, 246, 253, 255, 263, 266, 267, 268, 269, 277, 279, 282, 285, 287, 301, 304, 312, 321, 330, 333, 334, 339, 342, 354, 356, 360, 367, 369, 371, 376, 380, 384, 385, 391, 395, 401, 402, 408, 411, 419, 422, 423, 434, 435, 437, 438, 440, 461, 470, 473, 484, 486, 488, 496, 504, 506, 534, 535, 536, 546, 547, 551, 556, 569, 572, 575, 576, 579, 589, 590, 595, 605, 606, 607, 612, 617, 621, 637, 642, 643, 649, 652, 653, 656, 665, 673, 681, 682, 686, 691, 697, 698, 709, 714, 723, 724, 729, 732, 734, 739, 747, 755, 758, 767, 773, 776, 788, 793, 796, 804, 809, 812, 816, 824, 826, 827, 830, 834, 842, 852, 854, 857, 859, 862, 869, 872, 873, 875, 884, 893, 899, 902, 906, 907, 908, 909, 963, 966, 968, 969, 971, 976, 977, 979, 994, 1002, 1012, 1016, 1024, 1031, 1033, 1034, 1035, 1036, 1047, 1048, 1067, 1071, 1074, 1087, 1091, 1093, 1096, 1126, 1127, 1144, 1145, 1147, 1152, 1154, 1156, 1160, 1162, 1164, 1166, 1167, 1172, 1175, 1177, 1179, 1190, 1203, 1207, 1208, 1210, 1211, 1217, 1219, 1220, 1222, 1228, 1235, 1245, 1246, 1250, 1253, 1269, 1275, 1286, 1287, 1288, 1302, 1307, 1308, 1310, 1313, 1316, 1323, 1327, 1330, 1342, 1343, 1346, 1360, 1361, 1369, 1371, 1373, 1375, 1380, 1382, 1384, 1392, 1397, 1400, 1401, 1404, 1407, 1410, 1415, 1417, 1420, 1426, 1431, 1437, 1443, 1446, 1451, 1455, 1458, 1460, 1462, 1463, 1473, 1475, 1476, 1479, 1498, 1500, 1508, 1509, 1522, 1524, 1528, 1538, 1539, 1543, 1544, 1547, 1551, 1553, 1555, 1557, 1563, 1565, 1580, 1581, 1582, 1588, 1594, 1600, 1623, 1626, 1635, 1645, 1647, 1654, 1655, 1659, 1663, 1672, 1676, 1680, 1682, 1689, 1690, 1695, 1696, 1697, 1715, 1718, 1722, 1723, 1734, 1736, 1740, 1742, 1747, 1748, 1750, 1754, 1755, 1760, 1769, 1770, 1777, 1783, 1785, 1786, 1787, 1789, 1795, 1797, 1800, 1817, 1837, 1839, 1841, 1844, 1849, 1852, 1853, 1858, 1863, 1864, 1873, 1874, 1876, 1879, 1886, 1888, 1889, 1899, 1904, 1907, 1909, 1912, 1916, 1922, 1932, 1933, 1939, 1940, 1955, 1967, 1974, 1977, 1979, 1985, 1988, 1998, 1999]
random1000:
    [2, 3, 4, 9, 10, 11, 12, 14, 15, 17, 20, 23, 24, 27, 29, 30, 32, 33, 37, 39, 40, 42, 43, 45, 48, 49, 52, 55, 59, 65, 66, 68, 69, 70, 71, 72, 78, 79, 80, 81, 83, 84, 91, 92, 93, 97, 99, 101, 104, 105, 110, 114, 116, 117, 120, 124, 126, 127, 131, 133, 135, 138, 139, 141, 142, 146, 149, 152, 154, 157, 159, 163, 166, 167, 170, 172, 174, 175, 177, 180, 181, 182, 184, 185, 186, 187, 188, 190, 193, 195, 199, 201, 202, 203, 205, 207, 208, 209, 212, 215, 216, 217, 220, 225, 230, 231, 236, 237, 238, 239, 242, 243, 248, 249, 250, 251, 255, 257, 258, 263, 265, 266, 267, 268, 269, 270, 271, 274, 276, 278, 279, 284, 286, 287, 290, 291, 292, 293, 294, 295, 296, 297, 301, 302, 304, 307, 308, 310, 312, 314, 317, 320, 322, 323, 324, 325, 326, 328, 330, 331, 333, 335, 337, 338, 339, 340, 341, 342, 343, 346, 348, 353, 354, 355, 356, 358, 359, 362, 363, 364, 365, 367, 374, 376, 377, 379, 382, 383, 386, 387, 390, 392, 393, 396, 399, 400, 402, 403, 404, 405, 407, 410, 411, 414, 416, 417, 419, 422, 424, 425, 426, 428, 434, 436, 438, 439, 441, 442, 446, 447, 448, 449, 450, 451, 452, 454, 457, 459, 460, 468, 470, 471, 474, 476, 477, 479, 480, 481, 482, 483, 485, 486, 487, 488, 490, 492, 494, 496, 499, 500, 502, 504, 505, 506, 507, 508, 516, 518, 520, 521, 523, 524, 525, 527, 530, 534, 535, 536, 537, 540, 546, 547, 548, 549, 551, 552, 553, 554, 555, 556, 557, 560, 561, 562, 563, 565, 568, 569, 574, 575, 579, 580, 583, 586, 587, 588, 589, 590, 591, 592, 596, 598, 601, 605, 606, 607, 610, 612, 613, 614, 615, 618, 619, 620, 623, 626, 627, 628, 629, 632, 634, 635, 636, 638, 642, 643, 645, 647, 648, 650, 651, 653, 655, 659, 660, 662, 663, 665, 666, 672, 676, 679, 682, 684, 686, 687, 688, 690, 691, 692, 696, 700, 702, 705, 707, 709, 710, 714, 715, 717, 718, 722, 725, 726, 730, 738, 740, 744, 749, 750, 754, 756, 759, 761, 763, 764, 765, 767, 772, 773, 774, 776, 778, 780, 782, 783, 784, 785, 786, 788, 789, 790, 793, 795, 797, 798, 805, 806, 807, 810, 812, 814, 815, 816, 817, 818, 819, 822, 823, 825, 826, 832, 837, 839, 842, 844, 845, 847, 849, 850, 853, 854, 855, 857, 858, 860, 863, 864, 866, 868, 869, 870, 873, 876, 880, 882, 883, 887, 889, 893, 895, 897, 899, 900, 901, 903, 906, 908, 909, 910, 911, 913, 914, 917, 919, 920, 927, 928, 929, 930, 934, 937, 940, 941, 942, 945, 946, 950, 952, 954, 958, 962, 966, 970, 972, 973, 975, 977, 978, 983, 985, 986, 988, 989, 990, 991, 994, 995, 996, 998, 999, 1004, 1006, 1007, 1008, 1010, 1011, 1012, 1014, 1016, 1022, 1023, 1025, 1027, 1030, 1031, 1036, 1037, 1039, 1040, 1041, 1044, 1049, 1051, 1054, 1055, 1058, 1059, 1061, 1064, 1068, 1070, 1071, 1072, 1073, 1076, 1079, 1081, 1084, 1086, 1088, 1090, 1091, 1093, 1097, 1099, 1100, 1101, 1102, 1106, 1108, 1109, 1113, 1115, 1116, 1118, 1120, 1123, 1125, 1126, 1129, 1130, 1133, 1136, 1137, 1139, 1141, 1142, 1145, 1147, 1148, 1149, 1151, 1156, 1158, 1159, 1160, 1163, 1164, 1167, 1169, 1173, 1174, 1175, 1178, 1180, 1181, 1185, 1186, 1187, 1189, 1193, 1195, 1196, 1197, 1198, 1199, 1201, 1203, 1205, 1206, 1209, 1211, 1213, 1216, 1222, 1225, 1226, 1229, 1230, 1233, 1234, 1235, 1238, 1239, 1241, 1243, 1244, 1251, 1255, 1256, 1260, 1261, 1262, 1263, 1264, 1265, 1266, 1267, 1268, 1269, 1270, 1271, 1272, 1273, 1274, 1276, 1280, 1281, 1282, 1283, 1285, 1292, 1293, 1294, 1295, 1298, 1299, 1300, 1305, 1308, 1315, 1316, 1317, 1324, 1326, 1327, 1328, 1331, 1332, 1333, 1334, 1336, 1337, 1339, 1340, 1342, 1345, 1346, 1347, 1349, 1350, 1351, 1353, 1355, 1356, 1359, 1360, 1362, 1366, 1371, 1372, 1373, 1374, 1375, 1376, 1378, 1379, 1381, 1382, 1383, 1386, 1387, 1391, 1393, 1394, 1395, 1396, 1397, 1399, 1401, 1402, 1404, 1407, 1408, 1409, 1413, 1414, 1416, 1417, 1419, 1420, 1421, 1422, 1424, 1425, 1426, 1427, 1432, 1435, 1437, 1444, 1445, 1447, 1448, 1449, 1452, 1453, 1460, 1461, 1463, 1470, 1473, 1476, 1477, 1479, 1481, 1483, 1484, 1486, 1490, 1491, 1492, 1493, 1494, 1495, 1497, 1498, 1499, 1501, 1512, 1513, 1514, 1517, 1521, 1522, 1526, 1527, 1528, 1529, 1530, 1532, 1538, 1541, 1546, 1548, 1549, 1550, 1552, 1553, 1554, 1556, 1557, 1558, 1559, 1563, 1567, 1568, 1569, 1570, 1571, 1572, 1575, 1576, 1577, 1578, 1580, 1581, 1586, 1588, 1595, 1596, 1600, 1603, 1604, 1606, 1608, 1610, 1611, 1613, 1614, 1618, 1619, 1620, 1621, 1622, 1624, 1627, 1628, 1630, 1631, 1634, 1635, 1637, 1643, 1645, 1650, 1652, 1654, 1657, 1658, 1659, 1660, 1661, 1662, 1663, 1664, 1665, 1667, 1668, 1669, 1670, 1672, 1673, 1674, 1677, 1678, 1679, 1681, 1684, 1685, 1688, 1689, 1693, 1695, 1697, 1698, 1699, 1702, 1706, 1709, 1710, 1711, 1712, 1713, 1714, 1719, 1720, 1721, 1724, 1725, 1726, 1727, 1728, 1731, 1734, 1736, 1737, 1739, 1740, 1742, 1743, 1746, 1747, 1748, 1749, 1750, 1751, 1752, 1753, 1754, 1756, 1761, 1763, 1765, 1767, 1768, 1769, 1773, 1774, 1775, 1777, 1780, 1784, 1785, 1788, 1789, 1790, 1792, 1793, 1794, 1795, 1797, 1798, 1800, 1801, 1802, 1806, 1807, 1809, 1811, 1813, 1815, 1816, 1818, 1819, 1822, 1825, 1826, 1827, 1828, 1836, 1837, 1838, 1840, 1843, 1844, 1846, 1847, 1850, 1851, 1852, 1854, 1856, 1858, 1862, 1864, 1866, 1868, 1869, 1871, 1875, 1876, 1877, 1878, 1879, 1880, 1881, 1885, 1890, 1892, 1893, 1895, 1896, 1899, 1901, 1902, 1903, 1904, 1905, 1908, 1911, 1912, 1914, 1915, 1921, 1922, 1925, 1927, 1929, 1932, 1934, 1935, 1936, 1941, 1942, 1946, 1947, 1948, 1949, 1951, 1952, 1953, 1954, 1955, 1956, 1957, 1959, 1962, 1964, 1967, 1969, 1970, 1971, 1972, 1973, 1974, 1978, 1979, 1980, 1984, 1988, 1990, 1991, 1992, 1993, 1994, 1997, 1998, 1999]
