"driver_scores_every100_50": {
    "6": []
},
"driver_scores_every100_100": {
    "6": [
        50
    ]
},
"driver_scores_every100_150": {
    "6": [
        50,
        100
    ]
},
"driver_scores_every100_200": {
    "6": [
        50,
        100,
        150
    ]
},
"driver_scores_every100_250": {
    "6": [
        50,
        100,
        150,
        200
    ]
},
"driver_scores_every100_300": {
    "6": [
        50,
        100,
        150,
        200,
        250
    ]
},
"driver_scores_every100_350": {
    "6": [
        50,
        100,
        150,
        200,
        250,
        300
    ]
},
"driver_scores_every100_400": {
    "6": [
        50,
        100,
        150,
        200,
        250,
        300,
        350
    ]
},
"driver_scores_every100_450": {
    "6": [
        50,
        100,
        150,
        200,
        250,
        300,
        350,
        400
    ]
},
"driver_scores_every100_500": {
    "6": [
        50,
        100,
        150,
        200,
        250,
        300,
        350,
        400,
        450
    ]
},
"driver_scores_every100_550": {
    "6": [
        50,
        100,
        150,
        200,
        250,
        300,
        350,
        400,
        450,
        500
    ]
},
"driver_scores_every100_600": {
    "6": [
        50,
        100,
        150,
        200,
        250,
        300,
        350,
        400,
        450,
        500,
        550
    ]
},
"driver_scores_every100_650": {
    "6": [
        50,
        100,
        150,
        200,
        250,
        300,
        350,
        400,
        450,
        500,
        550,
        600
    ]
},
"driver_scores_every100_700": {
    "6": [
        50,
        100,
        150,
        200,
        250,
        300,
        350,
        400,
        450,
        500,
        550,
        600,
        650
    ]
},
"driver_scores_every100_750": {
    "6": [
        50,
        100,
        150,
        200,
        250,
        300,
        350,
        400,
        450,
        500,
        550,
        600,
        650,
        700
    ]
},
"driver_scores_every100_800": {
    "6": [
        50,
        100,
        150,
        200,
        250,
        300,
        350,
        400,
        450,
        500,
        550,
        600,
        650,
        700,
        750
    ]
},
"driver_scores_every100_850": {
    "6": [
        50,
        100,
        150,
        200,
        250,
        300,
        350,
        400,
        450,
        500,
        550,
        600,
        650,
        700,
        750,
        800
    ]
},
"driver_scores_every100_900": {
    "6": [
        50,
        100,
        150,
        200,
        250,
        300,
        350,
        400,
        450,
        500,
        550,
        600,
        650,
        700,
        750,
        800,
        850
    ]
},
"driver_scores_every100_950": {
    "6": [
        50,
        100,
        150,
        200,
        250,
        300,
        350,
        400,
        450,
        500,
        550,
        600,
        650,
        700,
        750,
        800,
        850,
        900
    ]
},
"driver_scores_every100_1000": {
    "6": [
        50,
        100,
        150,
        200,
        250,
        300,
        350,
        400,
        450,
        500,
        550,
        600,
        650,
        700,
        750,
        800,
        850,
        900,
        950
    ]
},
"driver_scores_every100_1050": {
    "6": [
        50,
        100,
        150,
        200,
        250,
        300,
        350,
        400,
        450,
        500,
        550,
        600,
        650,
        700,
        750,
        800,
        850,
        900,
        950,
        1000
    ]
},
"driver_scores_every100_1100": {
    "6": [
        50,
        100,
        150,
        200,
        250,
        300,
        350,
        400,
        450,
        500,
        550,
        600,
        650,
        700,
        750,
        800,
        850,
        900,
        950,
        1000,
        1050
    ]
},
"driver_scores_every100_1150": {
    "6": [
        50,
        100,
        150,
        200,
        250,
        300,
        350,
        400,
        450,
        500,
        550,
        600,
        650,
        700,
        750,
        800,
        850,
        900,
        950,
        1000,
        1050,
        1100
    ]
},
"driver_scores_every100_1200": {
    "6": [
        50,
        100,
        150,
        200,
        250,
        300,
        350,
        400,
        450,
        500,
        550,
        600,
        650,
        700,
        750,
        800,
        850,
        900,
        950,
        1000,
        1050,
        1100,
        1150
    ]
},
"driver_scores_every100_1250": {
    "6": [
        50,
        100,
        150,
        200,
        250,
        300,
        350,
        400,
        450,
        500,
        550,
        600,
        650,
        700,
        750,
        800,
        850,
        900,
        950,
        1000,
        1050,
        1100,
        1150,
        1200
    ]
},
"driver_scores_every100_1300": {
    "6": [
        50,
        100,
        150,
        200,
        250,
        300,
        350,
        400,
        450,
        500,
        550,
        600,
        650,
        700,
        750,
        800,
        850,
        900,
        950,
        1000,
        1050,
        1100,
        1150,
        1200,
        1250
    ]
},
"driver_scores_every100_1350": {
    "6": [
        50,
        100,
        150,
        200,
        250,
        300,
        350,
        400,
        450,
        500,
        550,
        600,
        650,
        700,
        750,
        800,
        850,
        900,
        950,
        1000,
        1050,
        1100,
        1150,
        1200,
        1250,
        1300
    ]
},
"driver_scores_every100_1400": {
    "6": [
        50,
        100,
        150,
        200,
        250,
        300,
        350,
        400,
        450,
        500,
        550,
        600,
        650,
        700,
        750,
        800,
        850,
        900,
        950,
        1000,
        1050,
        1100,
        1150,
        1200,
        1250,
        1300,
        1350
    ]
},
"driver_scores_every100_1450": {
    "6": [
        50,
        100,
        150,
        200,
        250,
        300,
        350,
        400,
        450,
        500,
        550,
        600,
        650,
        700,
        750,
        800,
        850,
        900,
        950,
        1000,
        1050,
        1100,
        1150,
        1200,
        1250,
        1300,
        1350,
        1400
    ]
},
"driver_scores_every100_1500": {
    "6": [
        50,
        100,
        150,
        200,
        250,
        300,
        350,
        400,
        450,
        500,
        550,
        600,
        650,
        700,
        750,
        800,
        850,
        900,
        950,
        1000,
        1050,
        1100,
        1150,
        1200,
        1250,
        1300,
        1350,
        1400,
        1450
    ]
},
"driver_scores_every100_1550": {
    "6": [
        50,
        100,
        150,
        200,
        250,
        300,
        350,
        400,
        450,
        500,
        550,
        600,
        650,
        700,
        750,
        800,
        850,
        900,
        950,
        1000,
        1050,
        1100,
        1150,
        1200,
        1250,
        1300,
        1350,
        1400,
        1450,
        1500
    ]
},
"driver_scores_every100_1600": {
    "6": [
        50,
        100,
        150,
        200,
        250,
        300,
        350,
        400,
        450,
        500,
        550,
        600,
        650,
        700,
        750,
        800,
        850,
        900,
        950,
        1000,
        1050,
        1100,
        1150,
        1200,
        1250,
        1300,
        1350,
        1400,
        1450,
        1500,
        1550
    ]
},
"driver_scores_every100_1650": {
    "6": [
        50,
        100,
        150,
        200,
        250,
        300,
        350,
        400,
        450,
        500,
        550,
        600,
        650,
        700,
        750,
        800,
        850,
        900,
        950,
        1000,
        1050,
        1100,
        1150,
        1200,
        1250,
        1300,
        1350,
        1400,
        1450,
        1500,
        1550,
        1600
    ]
},
"driver_scores_every100_1700": {
    "6": [
        50,
        100,
        150,
        200,
        250,
        300,
        350,
        400,
        450,
        500,
        550,
        600,
        650,
        700,
        750,
        800,
        850,
        900,
        950,
        1000,
        1050,
        1100,
        1150,
        1200,
        1250,
        1300,
        1350,
        1400,
        1450,
        1500,
        1550,
        1600,
        1650
    ]
},
"driver_scores_every100_1750": {
    "6": [
        50,
        100,
        150,
        200,
        250,
        300,
        350,
        400,
        450,
        500,
        550,
        600,
        650,
        700,
        750,
        800,
        850,
        900,
        950,
        1000,
        1050,
        1100,
        1150,
        1200,
        1250,
        1300,
        1350,
        1400,
        1450,
        1500,
        1550,
        1600,
        1650,
        1700
    ]
},
"driver_scores_every100_1800": {
    "6": [
        50,
        100,
        150,
        200,
        250,
        300,
        350,
        400,
        450,
        500,
        550,
        600,
        650,
        700,
        750,
        800,
        850,
        900,
        950,
        1000,
        1050,
        1100,
        1150,
        1200,
        1250,
        1300,
        1350,
        1400,
        1450,
        1500,
        1550,
        1600,
        1650,
        1700,
        1750
    ]
},
"driver_scores_every100_1850": {
    "6": [
        50,
        100,
        150,
        200,
        250,
        300,
        350,
        400,
        450,
        500,
        550,
        600,
        650,
        700,
        750,
        800,
        850,
        900,
        950,
        1000,
        1050,
        1100,
        1150,
        1200,
        1250,
        1300,
        1350,
        1400,
        1450,
        1500,
        1550,
        1600,
        1650,
        1700,
        1750,
        1800
    ]
},
"driver_scores_every100_1900": {
    "6": [
        50,
        100,
        150,
        200,
        250,
        300,
        350,
        400,
        450,
        500,
        550,
        600,
        650,
        700,
        750,
        800,
        850,
        900,
        950,
        1000,
        1050,
        1100,
        1150,
        1200,
        1250,
        1300,
        1350,
        1400,
        1450,
        1500,
        1550,
        1600,
        1650,
        1700,
        1750,
        1800,
        1850
    ]
},
"driver_scores_every100_1950": {
    "6": [
        50,
        100,
        150,
        200,
        250,
        300,
        350,
        400,
        450,
        500,
        550,
        600,
        650,
        700,
        750,
        800,
        850,
        900,
        950,
        1000,
        1050,
        1100,
        1150,
        1200,
        1250,
        1300,
        1350,
        1400,
        1450,
        1500,
        1550,
        1600,
        1650,
        1700,
        1750,
        1800,
        1850,
        1900
    ]
},
