"driver_scores_every50_25": {
    "6": []
},
"driver_scores_every50_50": {
    "6": [
        25
    ]
},
"driver_scores_every50_75": {
    "6": [
        25,
        50
    ]
},
"driver_scores_every50_100": {
    "6": [
        25,
        50,
        75
    ]
},
"driver_scores_every50_150": {
    "6": [
        25,
        50,
        75,
        100,
        125
    ]
},
"driver_scores_every50_250": {
    "6": [
        25,
        50,
        75,
        100,
        125,
        150,
        175,
        200,
        225
    ]
},
"driver_scores_every50_300": {
    "6": [
        25,
        50,
        75,
        100,
        125,
        150,
        175,
        200,
        225,
        250,
        275
    ]
},
"driver_scores_every50_350": {
    "6": [
        25,
        50,
        75,
        100,
        125,
        150,
        175,
        200,
        225,
        250,
        275,
        300,
        325
    ]
},
"driver_scores_every50_400": {
    "6": [
        25,
        50,
        75,
        100,
        125,
        150,
        175,
        200,
        225,
        250,
        275,
        300,
        325,
        350,
        375
    ]
},
"driver_scores_every50_450": {
    "6": [
        25,
        50,
        75,
        100,
        125,
        150,
        175,
        200,
        225,
        250,
        275,
        300,
        325,
        350,
        375,
        400,
        425
    ]
},
"driver_scores_every50_500": {
    "6": [
        25,
        50,
        75,
        100,
        125,
        150,
        175,
        200,
        225,
        250,
        275,
        300,
        325,
        350,
        375,
        400,
        425,
        450,
        475
    ]
},
"driver_scores_every50_550": {
    "6": [
        25,
        50,
        75,
        100,
        125,
        150,
        175,
        200,
        225,
        250,
        275,
        300,
        325,
        350,
        375,
        400,
        425,
        450,
        475,
        500,
        525
    ]
},
"driver_scores_every50_600": {
    "6": [
        25,
        50,
        75,
        100,
        125,
        150,
        175,
        200,
        225,
        250,
        275,
        300,
        325,
        350,
        375,
        400,
        425,
        450,
        475,
        500,
        525,
        550,
        575
    ]
},
"driver_scores_every50_650": {
    "6": [
        25,
        50,
        75,
        100,
        125,
        150,
        175,
        200,
        225,
        250,
        275,
        300,
        325,
        350,
        375,
        400,
        425,
        450,
        475,
        500,
        525,
        550,
        575,
        600,
        625
    ]
},
"driver_scores_every50_700": {
    "6": [
        25,
        50,
        75,
        100,
        125,
        150,
        175,
        200,
        225,
        250,
        275,
        300,
        325,
        350,
        375,
        400,
        425,
        450,
        475,
        500,
        525,
        550,
        575,
        600,
        625,
        650,
        675
    ]
},
"driver_scores_every50_750": {
    "6": [
        25,
        50,
        75,
        100,
        125,
        150,
        175,
        200,
        225,
        250,
        275,
        300,
        325,
        350,
        375,
        400,
        425,
        450,
        475,
        500,
        525,
        550,
        575,
        600,
        625,
        650,
        675,
        700,
        725
    ]
},
"driver_scores_every50_800": {
    "6": [
        25,
        50,
        75,
        100,
        125,
        150,
        175,
        200,
        225,
        250,
        275,
        300,
        325,
        350,
        375,
        400,
        425,
        450,
        475,
        500,
        525,
        550,
        575,
        600,
        625,
        650,
        675,
        700,
        725,
        750,
        775
    ]
},
"driver_scores_every50_850": {
    "6": [
        25,
        50,
        75,
        100,
        125,
        150,
        175,
        200,
        225,
        250,
        275,
        300,
        325,
        350,
        375,
        400,
        425,
        450,
        475,
        500,
        525,
        550,
        575,
        600,
        625,
        650,
        675,
        700,
        725,
        750,
        775,
        800,
        825
    ]
},
"driver_scores_every50_900": {
    "6": [
        25,
        50,
        75,
        100,
        125,
        150,
        175,
        200,
        225,
        250,
        275,
        300,
        325,
        350,
        375,
        400,
        425,
        450,
        475,
        500,
        525,
        550,
        575,
        600,
        625,
        650,
        675,
        700,
        725,
        750,
        775,
        800,
        825,
        850,
        875
    ]
},
"driver_scores_every50_950": {
    "6": [
        25,
        50,
        75,
        100,
        125,
        150,
        175,
        200,
        225,
        250,
        275,
        300,
        325,
        350,
        375,
        400,
        425,
        450,
        475,
        500,
        525,
        550,
        575,
        600,
        625,
        650,
        675,
        700,
        725,
        750,
        775,
        800,
        825,
        850,
        875,
        900,
        925
    ]
},
"driver_scores_every50_1000": {
    "6": [
        25,
        50,
        75,
        100,
        125,
        150,
        175,
        200,
        225,
        250,
        275,
        300,
        325,
        350,
        375,
        400,
        425,
        450,
        475,
        500,
        525,
        550,
        575,
        600,
        625,
        650,
        675,
        700,
        725,
        750,
        775,
        800,
        825,
        850,
        875,
        900,
        925,
        950,
        975
    ]
},
"driver_scores_every50_1050": {
    "6": [
        25,
        50,
        75,
        100,
        125,
        150,
        175,
        200,
        225,
        250,
        275,
        300,
        325,
        350,
        375,
        400,
        425,
        450,
        475,
        500,
        525,
        550,
        575,
        600,
        625,
        650,
        675,
        700,
        725,
        750,
        775,
        800,
        825,
        850,
        875,
        900,
        925,
        950,
        975,
        1000,
        1025
    ]
},
"driver_scores_every50_1100": {
    "6": [
        25,
        50,
        75,
        100,
        125,
        150,
        175,
        200,
        225,
        250,
        275,
        300,
        325,
        350,
        375,
        400,
        425,
        450,
        475,
        500,
        525,
        550,
        575,
        600,
        625,
        650,
        675,
        700,
        725,
        750,
        775,
        800,
        825,
        850,
        875,
        900,
        925,
        950,
        975,
        1000,
        1025,
        1050,
        1075
    ]
},
"driver_scores_every50_1150": {
    "6": [
        25,
        50,
        75,
        100,
        125,
        150,
        175,
        200,
        225,
        250,
        275,
        300,
        325,
        350,
        375,
        400,
        425,
        450,
        475,
        500,
        525,
        550,
        575,
        600,
        625,
        650,
        675,
        700,
        725,
        750,
        775,
        800,
        825,
        850,
        875,
        900,
        925,
        950,
        975,
        1000,
        1025,
        1050,
        1075,
        1100,
        1125
    ]
},
"driver_scores_every50_1200": {
    "6": [
        25,
        50,
        75,
        100,
        125,
        150,
        175,
        200,
        225,
        250,
        275,
        300,
        325,
        350,
        375,
        400,
        425,
        450,
        475,
        500,
        525,
        550,
        575,
        600,
        625,
        650,
        675,
        700,
        725,
        750,
        775,
        800,
        825,
        850,
        875,
        900,
        925,
        950,
        975,
        1000,
        1025,
        1050,
        1075,
        1100,
        1125,
        1150,
        1175
    ]
},
"driver_scores_every50_1250": {
    "6": [
        25,
        50,
        75,
        100,
        125,
        150,
        175,
        200,
        225,
        250,
        275,
        300,
        325,
        350,
        375,
        400,
        425,
        450,
        475,
        500,
        525,
        550,
        575,
        600,
        625,
        650,
        675,
        700,
        725,
        750,
        775,
        800,
        825,
        850,
        875,
        900,
        925,
        950,
        975,
        1000,
        1025,
        1050,
        1075,
        1100,
        1125,
        1150,
        1175,
        1200,
        1225
    ]
},
"driver_scores_every50_1300": {
    "6": [
        25,
        50,
        75,
        100,
        125,
        150,
        175,
        200,
        225,
        250,
        275,
        300,
        325,
        350,
        375,
        400,
        425,
        450,
        475,
        500,
        525,
        550,
        575,
        600,
        625,
        650,
        675,
        700,
        725,
        750,
        775,
        800,
        825,
        850,
        875,
        900,
        925,
        950,
        975,
        1000,
        1025,
        1050,
        1075,
        1100,
        1125,
        1150,
        1175,
        1200,
        1225,
        1250,
        1275
    ]
},
"driver_scores_every50_1350": {
    "6": [
        25,
        50,
        75,
        100,
        125,
        150,
        175,
        200,
        225,
        250,
        275,
        300,
        325,
        350,
        375,
        400,
        425,
        450,
        475,
        500,
        525,
        550,
        575,
        600,
        625,
        650,
        675,
        700,
        725,
        750,
        775,
        800,
        825,
        850,
        875,
        900,
        925,
        950,
        975,
        1000,
        1025,
        1050,
        1075,
        1100,
        1125,
        1150,
        1175,
        1200,
        1225,
        1250,
        1275,
        1300,
        1325
    ]
},
"driver_scores_every50_1400": {
    "6": [
        25,
        50,
        75,
        100,
        125,
        150,
        175,
        200,
        225,
        250,
        275,
        300,
        325,
        350,
        375,
        400,
        425,
        450,
        475,
        500,
        525,
        550,
        575,
        600,
        625,
        650,
        675,
        700,
        725,
        750,
        775,
        800,
        825,
        850,
        875,
        900,
        925,
        950,
        975,
        1000,
        1025,
        1050,
        1075,
        1100,
        1125,
        1150,
        1175,
        1200,
        1225,
        1250,
        1275,
        1300,
        1325,
        1350,
        1375
    ]
},
"driver_scores_every50_1450": {
    "6": [
        25,
        50,
        75,
        100,
        125,
        150,
        175,
        200,
        225,
        250,
        275,
        300,
        325,
        350,
        375,
        400,
        425,
        450,
        475,
        500,
        525,
        550,
        575,
        600,
        625,
        650,
        675,
        700,
        725,
        750,
        775,
        800,
        825,
        850,
        875,
        900,
        925,
        950,
        975,
        1000,
        1025,
        1050,
        1075,
        1100,
        1125,
        1150,
        1175,
        1200,
        1225,
        1250,
        1275,
        1300,
        1325,
        1350,
        1375,
        1400,
        1425
    ]
},
"driver_scores_every50_1500": {
    "6": [
        25,
        50,
        75,
        100,
        125,
        150,
        175,
        200,
        225,
        250,
        275,
        300,
        325,
        350,
        375,
        400,
        425,
        450,
        475,
        500,
        525,
        550,
        575,
        600,
        625,
        650,
        675,
        700,
        725,
        750,
        775,
        800,
        825,
        850,
        875,
        900,
        925,
        950,
        975,
        1000,
        1025,
        1050,
        1075,
        1100,
        1125,
        1150,
        1175,
        1200,
        1225,
        1250,
        1275,
        1300,
        1325,
        1350,
        1375,
        1400,
        1425,
        1450,
        1475
    ]
},
"driver_scores_every50_1550": {
    "6": [
        25,
        50,
        75,
        100,
        125,
        150,
        175,
        200,
        225,
        250,
        275,
        300,
        325,
        350,
        375,
        400,
        425,
        450,
        475,
        500,
        525,
        550,
        575,
        600,
        625,
        650,
        675,
        700,
        725,
        750,
        775,
        800,
        825,
        850,
        875,
        900,
        925,
        950,
        975,
        1000,
        1025,
        1050,
        1075,
        1100,
        1125,
        1150,
        1175,
        1200,
        1225,
        1250,
        1275,
        1300,
        1325,
        1350,
        1375,
        1400,
        1425,
        1450,
        1475,
        1500,
        1525
    ]
},
"driver_scores_every50_1600": {
    "6": [
        25,
        50,
        75,
        100,
        125,
        150,
        175,
        200,
        225,
        250,
        275,
        300,
        325,
        350,
        375,
        400,
        425,
        450,
        475,
        500,
        525,
        550,
        575,
        600,
        625,
        650,
        675,
        700,
        725,
        750,
        775,
        800,
        825,
        850,
        875,
        900,
        925,
        950,
        975,
        1000,
        1025,
        1050,
        1075,
        1100,
        1125,
        1150,
        1175,
        1200,
        1225,
        1250,
        1275,
        1300,
        1325,
        1350,
        1375,
        1400,
        1425,
        1450,
        1475,
        1500,
        1525,
        1550,
        1575
    ]
},
"driver_scores_every50_1650": {
    "6": [
        25,
        50,
        75,
        100,
        125,
        150,
        175,
        200,
        225,
        250,
        275,
        300,
        325,
        350,
        375,
        400,
        425,
        450,
        475,
        500,
        525,
        550,
        575,
        600,
        625,
        650,
        675,
        700,
        725,
        750,
        775,
        800,
        825,
        850,
        875,
        900,
        925,
        950,
        975,
        1000,
        1025,
        1050,
        1075,
        1100,
        1125,
        1150,
        1175,
        1200,
        1225,
        1250,
        1275,
        1300,
        1325,
        1350,
        1375,
        1400,
        1425,
        1450,
        1475,
        1500,
        1525,
        1550,
        1575,
        1600,
        1625
    ]
},
"driver_scores_every50_1700": {
    "6": [
        25,
        50,
        75,
        100,
        125,
        150,
        175,
        200,
        225,
        250,
        275,
        300,
        325,
        350,
        375,
        400,
        425,
        450,
        475,
        500,
        525,
        550,
        575,
        600,
        625,
        650,
        675,
        700,
        725,
        750,
        775,
        800,
        825,
        850,
        875,
        900,
        925,
        950,
        975,
        1000,
        1025,
        1050,
        1075,
        1100,
        1125,
        1150,
        1175,
        1200,
        1225,
        1250,
        1275,
        1300,
        1325,
        1350,
        1375,
        1400,
        1425,
        1450,
        1475,
        1500,
        1525,
        1550,
        1575,
        1600,
        1625,
        1650,
        1675
    ]
},
"driver_scores_every50_1750": {
    "6": [
        25,
        50,
        75,
        100,
        125,
        150,
        175,
        200,
        225,
        250,
        275,
        300,
        325,
        350,
        375,
        400,
        425,
        450,
        475,
        500,
        525,
        550,
        575,
        600,
        625,
        650,
        675,
        700,
        725,
        750,
        775,
        800,
        825,
        850,
        875,
        900,
        925,
        950,
        975,
        1000,
        1025,
        1050,
        1075,
        1100,
        1125,
        1150,
        1175,
        1200,
        1225,
        1250,
        1275,
        1300,
        1325,
        1350,
        1375,
        1400,
        1425,
        1450,
        1475,
        1500,
        1525,
        1550,
        1575,
        1600,
        1625,
        1650,
        1675,
        1700,
        1725
    ]
},
"driver_scores_every50_1800": {
    "6": [
        25,
        50,
        75,
        100,
        125,
        150,
        175,
        200,
        225,
        250,
        275,
        300,
        325,
        350,
        375,
        400,
        425,
        450,
        475,
        500,
        525,
        550,
        575,
        600,
        625,
        650,
        675,
        700,
        725,
        750,
        775,
        800,
        825,
        850,
        875,
        900,
        925,
        950,
        975,
        1000,
        1025,
        1050,
        1075,
        1100,
        1125,
        1150,
        1175,
        1200,
        1225,
        1250,
        1275,
        1300,
        1325,
        1350,
        1375,
        1400,
        1425,
        1450,
        1475,
        1500,
        1525,
        1550,
        1575,
        1600,
        1625,
        1650,
        1675,
        1700,
        1725,
        1750,
        1775
    ]
},
"driver_scores_every50_1850": {
    "6": [
        25,
        50,
        75,
        100,
        125,
        150,
        175,
        200,
        225,
        250,
        275,
        300,
        325,
        350,
        375,
        400,
        425,
        450,
        475,
        500,
        525,
        550,
        575,
        600,
        625,
        650,
        675,
        700,
        725,
        750,
        775,
        800,
        825,
        850,
        875,
        900,
        925,
        950,
        975,
        1000,
        1025,
        1050,
        1075,
        1100,
        1125,
        1150,
        1175,
        1200,
        1225,
        1250,
        1275,
        1300,
        1325,
        1350,
        1375,
        1400,
        1425,
        1450,
        1475,
        1500,
        1525,
        1550,
        1575,
        1600,
        1625,
        1650,
        1675,
        1700,
        1725,
        1750,
        1775,
        1800,
        1825
    ]
},
"driver_scores_every50_1900": {
    "6": [
        25,
        50,
        75,
        100,
        125,
        150,
        175,
        200,
        225,
        250,
        275,
        300,
        325,
        350,
        375,
        400,
        425,
        450,
        475,
        500,
        525,
        550,
        575,
        600,
        625,
        650,
        675,
        700,
        725,
        750,
        775,
        800,
        825,
        850,
        875,
        900,
        925,
        950,
        975,
        1000,
        1025,
        1050,
        1075,
        1100,
        1125,
        1150,
        1175,
        1200,
        1225,
        1250,
        1275,
        1300,
        1325,
        1350,
        1375,
        1400,
        1425,
        1450,
        1475,
        1500,
        1525,
        1550,
        1575,
        1600,
        1625,
        1650,
        1675,
        1700,
        1725,
        1750,
        1775,
        1800,
        1825,
        1850,
        1875
    ]
},
"driver_scores_every50_1950": {
    "6": [
        25,
        50,
        75,
        100,
        125,
        150,
        175,
        200,
        225,
        250,
        275,
        300,
        325,
        350,
        375,
        400,
        425,
        450,
        475,
        500,
        525,
        550,
        575,
        600,
        625,
        650,
        675,
        700,
        725,
        750,
        775,
        800,
        825,
        850,
        875,
        900,
        925,
        950,
        975,
        1000,
        1025,
        1050,
        1075,
        1100,
        1125,
        1150,
        1175,
        1200,
        1225,
        1250,
        1275,
        1300,
        1325,
        1350,
        1375,
        1400,
        1425,
        1450,
        1475,
        1500,
        1525,
        1550,
        1575,
        1600,
        1625,
        1650,
        1675,
        1700,
        1725,
        1750,
        1775,
        1800,
        1825,
        1850,
        1875,
        1900,
        1925
    ]
},
"driver_scores_every50_200": {
    "6": [
        25,
        50,
        75,
        100,
        125,
        150,
        175
    ]
},
